      0/99     13.2G   0.08828   0.01195   0.02615    0.1264         3       640   0.02898   0.02125   0.00359 0.0006621    0.1037  0.009176   0.02592
      1/99       13G   0.08809  0.007515   0.02535     0.121         2       640  0.008778   0.02381  0.003178   0.00061    0.1098  0.006536   0.03585
      2/99       13G   0.08714  0.005653   0.02449    0.1173         1       640    0.3384   0.01344 0.0004995 6.676e-05    0.1407   0.02399     1.214
      3/99       13G   0.08791  0.004972   0.02434    0.1172         3       640    0.3525  0.008065  0.001709 0.0004009    0.1348   0.02412    0.2971
      4/99       13G   0.08883  0.004516   0.02473    0.1181         3       640    0.3613   0.01587  0.008724  0.001729    0.1115  0.005623    0.1044
      5/99       13G   0.08773   0.00446   0.02458    0.1168         3       640   0.01241   0.03957  0.005897 0.0009783    0.1005  0.006955   0.03631
      6/99       13G   0.08567  0.004407   0.02367    0.1138         1       640  0.003139    0.5872  0.006718  0.001192   0.09336  0.007761   0.02032
      7/99       13G   0.08662  0.004255   0.02371    0.1146         2       640  0.005819   0.08674  0.002324 0.0004019    0.1145  0.005756    0.1507
      8/99       13G   0.08876  0.004086   0.02374    0.1166         4       640  0.005028    0.2622  0.005131 0.0008266   0.09414   0.00743   0.02014
      9/99       13G   0.08564  0.003998   0.02335     0.113         1       640   0.01126     0.272  0.006629  0.001008   0.09551   0.00746   0.02072
     10/99       13G   0.08669  0.004136   0.02395    0.1148         3       640    0.1111  0.007937  0.008355  0.001559    0.0994       inf   0.02751
     11/99       13G   0.08551  0.003976   0.02351     0.113         4       640  0.004578    0.2319  0.004635 0.0007992    0.1019  0.007177   0.02612
     12/99       13G   0.08671   0.00392   0.02363    0.1143         2       640   0.01186    0.2646  0.007402  0.001178   0.09836  0.007436   0.02392
     13/99       13G   0.08474  0.003875    0.0235    0.1121         3       640   0.04343   0.03361    0.0101  0.002104   0.09928       inf   0.02512
     14/99       13G    0.0847  0.003909   0.02348    0.1121         3       640   0.07073   0.02183  0.009662  0.002055   0.09951       inf   0.02313
     15/99       13G   0.08559  0.004042   0.02379    0.1134         2       640   0.01252     0.321  0.005991  0.001088   0.09973  0.006974   0.02268
     16/99       13G   0.08283  0.003989   0.02339    0.1102         4       640   0.02389    0.2879  0.008737  0.002158    0.1008       inf       nan
     17/99       13G   0.08531  0.003914   0.02352    0.1128         5       640  0.001775   0.05972  0.000499 6.397e-05    0.1418       nan       nan
     18/99       13G   0.08559  0.003791   0.02366     0.113         5       640   0.00316    0.2072  0.001704 0.0003047    0.1243  0.005685    0.1553
     19/99       13G   0.08456  0.003763   0.02348    0.1118         4       640  0.008039   0.03421  0.003244 0.0005043    0.1095  0.006385    0.0316
     20/99       13G   0.08652  0.003758   0.02437    0.1146         5       640    0.3401   0.03669  0.005748 0.0009975    0.1008  0.007026   0.02086
     21/99       13G   0.08307  0.003861   0.02365    0.1106         3       640  0.009509   0.07337  0.005452 0.0008763   0.09731  0.007159   0.02041
     22/99       13G   0.08347  0.003811   0.02324    0.1105         0       640    0.0119   0.07701  0.004267 0.0006133    0.1157  0.005715    0.0292
     23/99       13G   0.08474  0.003644   0.02351    0.1119         6       640  0.007615   0.09124   0.00568 0.0008603    0.1018  0.006918    0.0203
     24/99       13G   0.08523    0.0036   0.02352    0.1124         3       640    0.3426   0.09451  0.008077  0.001225   0.09903  0.007717   0.01985
     25/99       13G   0.08497  0.003684   0.02337     0.112         1       640  0.008909    0.1159  0.005386 0.0009162    0.1001  0.007116   0.01996
     26/99       13G   0.08358  0.003704   0.02319    0.1105         2       640    0.3415   0.07933  0.006676  0.001053   0.09905  0.007036   0.02024
     27/99       13G   0.08252  0.003814   0.02313    0.1095         5       640  0.009376    0.1231  0.006487  0.000992   0.09885  0.006961   0.01973
     28/99       13G    0.0844  0.003768   0.02369    0.1119         5       640   0.01012   0.08797  0.007654  0.001305    0.1025  0.006984   0.02008
     29/99       13G   0.08517  0.003819   0.02379    0.1128         3       640   0.01037    0.3006  0.005346 0.0009077    0.1007   0.00703    0.0222
     30/99       13G   0.08501  0.003766   0.02393    0.1127         2       640  0.008963   0.07453  0.005279  0.000903   0.09991  0.007374    0.0201
     31/99       13G    0.0845  0.003863   0.02424    0.1126         7       640   0.00994    0.1975  0.006492  0.001085    0.1012  0.007034   0.01991
     32/99       13G   0.08462  0.003826   0.02367    0.1121         1       640   0.01118   0.07221  0.005922 0.0009148   0.09857  0.007145   0.02003
     33/99       13G   0.08179  0.004034   0.02395    0.1098         1       640   0.01105   0.06742  0.006087 0.0009527   0.09976  0.007173   0.02029
     34/99       13G   0.07772  0.004295   0.02392    0.1059         1       640  0.008882    0.0701  0.005824 0.0008792   0.09832   0.00725   0.02043
     35/99       13G   0.07722   0.00436   0.02359    0.1052         5       640    0.3511   0.03763   0.00815  0.001218   0.09775  0.007547    0.0205
     36/99       13G   0.07565  0.004341   0.02379    0.1038         3       640    0.3736   0.02957   0.01382  0.001996   0.09971  0.007189   0.02009
     37/99       13G   0.07532  0.004364   0.02368    0.1034         1       640    0.3717   0.03495   0.01206  0.001986   0.09735  0.007072   0.01979
     38/99       13G   0.07236  0.004188    0.0232   0.09975         4       640    0.7293   0.02151   0.01251  0.001796   0.09705  0.007085   0.02004
     39/99       13G   0.07273  0.004758   0.02369    0.1012         3       640   0.03278    0.0457   0.01236  0.002392   0.09557  0.007242   0.02119
     40/99       13G    0.0733  0.004447   0.02385    0.1016         5       640   0.02456   0.03284      0.01  0.001999   0.09567   0.00757   0.02123
     41/99       13G   0.07135  0.004628   0.02422    0.1002         2       640   0.01919   0.06531  0.008582  0.001647   0.09518  0.007491   0.02142
     42/99       13G    0.0704  0.004317   0.02372   0.09844         2       640   0.01834   0.04359  0.009174  0.001588   0.09624  0.007592   0.02005
     43/99       13G   0.07104  0.004499   0.02361   0.09915         1       640   0.02573   0.04839   0.01537  0.003016   0.09726  0.007482   0.02012
     44/99       13G    0.0706  0.004399   0.02356   0.09856         3       640   0.04416   0.03553   0.01296  0.002589   0.09667  0.007169   0.02109
     45/99       13G   0.07005  0.004427   0.02391   0.09839         4       640    0.3555   0.05339  0.008964  0.001764   0.09702   0.00734   0.02023
     46/99       13G   0.06938  0.004513   0.02352   0.09741         3       640    0.3645   0.03879   0.01283  0.002462   0.09505  0.007278      0.02
     47/99       13G   0.06975   0.00446   0.02386   0.09807         3       640   0.01072   0.09451  0.006032  0.001002   0.09742  0.007465   0.02927
     48/99       13G    0.0678  0.004655   0.02408   0.09653         2       640    0.3813   0.03226   0.01363  0.002457    0.0953  0.007752   0.02003
     49/99       13G   0.06762   0.00461   0.02425   0.09648         4       640    0.3545   0.05703   0.01034  0.002118   0.09591  0.007395   0.01978
     50/99       13G   0.06681  0.004392   0.02324   0.09444         1       640   0.03414   0.04359   0.01947  0.005536   0.09694  0.007222   0.02135
     51/99       13G   0.06597   0.00457    0.0236   0.09413         3       640    0.3867   0.02688    0.0167  0.004854   0.09573  0.007439     0.021
     52/99       13G   0.06713  0.004552   0.02374   0.09542         4       640   0.02695    0.1543   0.01003  0.001993   0.09684  0.007397   0.02102
     53/99       13G   0.06463  0.004465   0.02332   0.09241         7       640   0.02357   0.04148  0.007696  0.001458   0.09798  0.007752   0.02231
     54/99       13G   0.06594  0.004474   0.02355   0.09397         1       640   0.03243   0.05703   0.01409  0.003097   0.09497  0.007477   0.02213
     55/99       13G   0.06581  0.004399   0.02365   0.09386         6       640    0.3669   0.04032   0.01423  0.004035   0.09514  0.007843   0.02253
     56/99       13G   0.06448  0.004463   0.02334   0.09229         0       640   0.04109    0.1364     0.011  0.002102    0.0942  0.007633   0.01978
     57/99       13G   0.06485  0.004494   0.02386   0.09321         3       640    0.3799   0.03553   0.01224    0.0029   0.09834   0.00741   0.02944
     58/99       13G   0.06434  0.004409   0.02378   0.09253         3       640   0.02458   0.05703   0.01041  0.002363   0.09292  0.007824   0.02133
     59/99       13G   0.06458  0.004497   0.02351   0.09258         2       640    0.1117   0.06563   0.01784  0.003401   0.09632  0.007186   0.01974
     60/99       13G   0.06328  0.004354   0.02342   0.09105         1       640   0.04218   0.06241   0.01928  0.004474   0.09907  0.007539   0.02139
     61/99       13G   0.06489   0.00448   0.02379   0.09316        12       640   0.02629   0.04686  0.007635  0.001356   0.09946  0.007563   0.02667
     62/99       13G   0.06479  0.004484   0.02327   0.09254         7       640     0.361   0.03879  0.008056  0.001328   0.09695  0.007656    0.0197
     63/99       13G   0.06461  0.004544    0.0237   0.09285         5       640    0.3846   0.03226   0.01478  0.004402    0.0947  0.007989    0.0203
     64/99       13G   0.06332  0.004529   0.02377   0.09163         6       640   0.01665   0.06146  0.006827  0.001453   0.09641  0.007516   0.01991
     65/99       13G   0.06402  0.004469   0.02382   0.09231         2       640   0.02527   0.09227   0.00785  0.001612   0.09868  0.007758   0.02017
     66/99       13G   0.06335  0.004602   0.02339   0.09134         3       640    0.3629   0.03495   0.01069  0.002607    0.1002  0.007709   0.02063
     67/99       13G    0.0634  0.004514   0.02354   0.09146         1       640     0.369    0.0409   0.01114  0.002451   0.09887  0.007631   0.02087
     68/99       13G   0.06148  0.004392   0.02334   0.08921         4       640   0.02263   0.08494  0.009524  0.002059    0.0951  0.008104   0.02092
     69/99       13G   0.06299  0.004644     0.024   0.09163         3       640   0.02523    0.0632  0.009554  0.002136   0.09578  0.007755   0.02146
     70/99       13G   0.06219  0.004333   0.02353   0.09006         2       640    0.3529   0.06109  0.007826  0.001571   0.09863  0.007653    0.0204
     71/99       13G   0.06105  0.004679   0.02351   0.08925        11       640   0.01654   0.05935  0.006647   0.00143   0.09538   0.00824   0.02419
     72/99       13G    0.0613  0.004483    0.0236   0.08938         4       640   0.02401   0.02419  0.006954  0.001286   0.09653  0.007565   0.02048
     73/99       13G   0.06042  0.004519   0.02364   0.08858         2       640    0.3824   0.01882  0.008846   0.00242   0.09704  0.007793   0.02019
     74/99       13G   0.06093  0.004457   0.02386   0.08925         7       640    0.3629   0.03937  0.009066  0.001985   0.09897  0.007407    0.0199
     75/99       13G   0.06079   0.00451   0.02356   0.08886         4       640   0.01541    0.1135  0.007057  0.001617    0.0996  0.007436   0.02004
     76/99       13G   0.06182  0.004532   0.02381   0.09016         2       640    0.3685   0.06204    0.0109  0.002421   0.09806  0.007652   0.01984
     77/99       13G   0.06132  0.004444   0.02358   0.08935         2       640    0.3695   0.05666    0.0126  0.002534   0.09672   0.00772    0.0199
     78/99       13G   0.06144  0.004565   0.02374   0.08974         4       640    0.3597   0.03015  0.007891  0.001723   0.09694   0.00781    0.0216
     79/99       13G   0.05994  0.004663   0.02367   0.08827         7       640   0.01915   0.01729  0.004506  0.001071   0.09445  0.008357   0.02944
     80/99       13G   0.06004  0.004607    0.0236   0.08824         3       640    0.3669   0.02688  0.008655  0.001768    0.1006  0.007534   0.01993
     81/99       13G   0.06019  0.004435   0.02329   0.08791         5       640     0.374   0.03342   0.01019   0.00213   0.09792   0.00767   0.02098
     82/99       13G   0.06091  0.004426   0.02363   0.08896         5       640    0.3748   0.02688  0.007293  0.001843   0.09982  0.007541   0.01988
     83/99       13G   0.06026  0.004483   0.02353   0.08827         4       640   0.01317    0.1489  0.004943 0.0009214    0.1003  0.007673   0.01986
     84/99       13G   0.05885  0.004527   0.02365   0.08702         5       640   0.01717   0.03015    0.0084   0.00343    0.1016  0.007751    0.0202
     85/99       13G   0.06011  0.004457   0.02339   0.08797         3       640    0.3517   0.02957  0.007418  0.002635    0.1011  0.007808   0.02014
     86/99       13G   0.05995  0.004391   0.02299   0.08734         5       640   0.02582   0.02957  0.008096   0.00239   0.09653  0.008324   0.01974
     87/99       13G   0.06104  0.004464    0.0238   0.08931         4       640   0.03066   0.08953   0.01308  0.003467   0.09887  0.008129   0.02043
     88/99       13G   0.06073  0.004454   0.02362    0.0888         4       640   0.01167   0.07754  0.006558  0.001581   0.09672  0.008552   0.02322
     89/99       13G   0.06122  0.004423   0.02364   0.08928         8       640   0.01766   0.06568   0.01051  0.003388    0.1012  0.007801   0.02011
     90/99       13G   0.06049  0.004554   0.02412   0.08916         3       640   0.01968   0.06241  0.009274  0.001643    0.1006  0.008251   0.02003
     91/99       13G   0.06119  0.004644   0.02406   0.08989         9       640   0.02606    0.1061  0.009164  0.002295    0.1004  0.008312   0.02063
     92/99       13G   0.06042  0.004513   0.02373   0.08866         3       640   0.01641    0.1482   0.01106  0.003299    0.1002  0.007893   0.02013
     93/99       13G   0.05873  0.004386   0.02311   0.08622         5       640   0.02361   0.04359  0.007105  0.001234   0.09644  0.007939   0.01978
     94/99       13G    0.0592  0.004558   0.02357   0.08733         3       640   0.01167   0.03073  0.004201 0.0008118    0.1027  0.008303   0.03502
     95/99       13G   0.06057  0.004302   0.02375   0.08862         4       640    0.0259   0.03342   0.00743  0.001852   0.09858  0.007662   0.01998
     96/99       13G   0.05819  0.004394   0.02344   0.08603         5       640   0.01597    0.1207  0.007931  0.001964   0.09545  0.007936   0.02038
     97/99       13G   0.05997  0.004558   0.02368    0.0882         2       640   0.01258     0.124  0.004776  0.001035   0.09816  0.007682   0.01984
     98/99       13G   0.06057  0.004409   0.02336   0.08834         4       640   0.02277    0.0555   0.01046  0.002115   0.09738  0.007835   0.02033
     99/99       13G   0.05892  0.004503    0.0235   0.08692         4       640   0.02932   0.02477  0.007021  0.001793   0.09992  0.007558   0.02148
