     0/299     19.6G   0.08982   0.01258   0.02764      0.13        14       640  0.006932   0.03221  0.002167 0.0003827    0.1034   0.05238    0.0352
     1/299     19.4G   0.08941   0.00828   0.02671    0.1244        15       640   0.01251   0.03514  0.005323  0.001276    0.1002  0.007865   0.02485
     2/299     19.4G   0.09102  0.006204   0.02604    0.1233        10       640   0.04014   0.03105   0.00572 0.0009323    0.1102  0.006278   0.03725
     3/299     19.4G   0.08943   0.00549   0.02576    0.1207        13       640    0.3431  0.007937   0.00398 0.0006016    0.1007  0.006777   0.02414
     4/299     19.4G   0.09101  0.004822   0.02579    0.1216        15       640  0.002518    0.3518  0.003897 0.0006472    0.1024  0.006484    0.0235
     5/299     19.4G   0.09147  0.004566    0.0256    0.1216        10       640   0.01489   0.02919  0.004028 0.0008058    0.1054  0.006315   0.03566
     6/299     19.4G    0.0912  0.004354   0.02509    0.1206        12       640  0.008336    0.2868  0.004752 0.0007255    0.1004   0.00679   0.02004
     7/299     19.4G   0.08943  0.004286    0.0251    0.1188        21       640  0.002417      0.66  0.008721  0.001382    0.1009  0.006799   0.02013
     8/299     19.4G   0.08981  0.004143   0.02489    0.1188        14       640    0.3501   0.01587  0.001924 0.0007071    0.1294  0.004063     0.421
     9/299     19.4G    0.0889  0.003987   0.02484    0.1177         9       640  0.009608    0.1557  0.002963  0.000583    0.1221  0.006703    0.3621
    10/299     19.4G    0.0873  0.004223   0.02469    0.1162         8       640  0.007518    0.1696  0.001796 0.0002805    0.1137  0.005679    0.1179
    11/299     19.4G   0.08709   0.00411   0.02505    0.1162        17       640  0.009103   0.06857  0.004727 0.0006988    0.1008  0.007236   0.03974
    12/299     19.4G   0.08971  0.003928   0.02506    0.1187        13       640  0.008214   0.05589  0.005029 0.0007536     0.101  0.007058   0.02212
    13/299     19.4G   0.08896  0.003804   0.02503    0.1178        16       640   0.01842   0.06576  0.006227  0.001222    0.1012   0.00698   0.02085
    14/299     19.4G   0.08805  0.003931   0.02503     0.117        12       640  0.007297     0.202  0.004628 0.0006213   0.09632  0.007436   0.02105
    15/299     19.4G   0.08895  0.003916   0.02499    0.1178        16       640   0.01151    0.2902  0.006371 0.0009278    0.1016  0.006779   0.02034
    16/299     19.4G   0.08861  0.003882   0.02488    0.1174        14       640   0.01609    0.2987  0.007629  0.001305    0.1001  0.007225   0.02132
    17/299     19.4G   0.08822  0.003978   0.02482     0.117        22       640   0.01403    0.1037  0.006297 0.0009083    0.1016   0.00702   0.01983
    18/299     19.4G   0.08596  0.004018   0.02458    0.1146        14       640    0.3433    0.0826  0.005767 0.0008118   0.09903   0.00728    0.0201
    19/299     19.4G   0.08499  0.004173   0.02515    0.1143        17       640    0.3436   0.08621   0.00529 0.0007468   0.08935  0.008234   0.02005
    20/299     19.4G    0.0827  0.004231   0.02553    0.1125         9       640   0.01435   0.06188  0.008077  0.001056   0.09658  0.007728   0.02003
    21/299     19.4G   0.07804  0.004646   0.02484    0.1075        13       640    0.3457   0.08296  0.007308  0.001114   0.09965  0.007369   0.02029
    22/299     19.4G   0.07547  0.004634   0.02498    0.1051         7       640  0.008759   0.08746  0.002401 0.0004867    0.1107   0.00623   0.03866
    23/299     19.4G   0.07256  0.004722   0.02492    0.1022         8       640    0.3549   0.05071  0.008752  0.001608   0.09608  0.007466   0.02105
    24/299     19.4G   0.07164  0.004753   0.02505    0.1014        17       640    0.3537   0.05339    0.0112  0.002027   0.09928  0.007301   0.02027
    25/299     19.4G   0.07142  0.004702    0.0249     0.101        13       640    0.3598   0.04533  0.009366  0.001604   0.09707  0.007292   0.02018
    26/299     19.4G   0.07039  0.004504   0.02501    0.0999         5       640    0.3477   0.06915  0.007387  0.001284   0.09866  0.007147   0.01989
    27/299     19.4G   0.07013  0.004598   0.02497    0.0997        12       640    0.3609   0.05281   0.01201   0.00284   0.09856  0.007277      0.02
    28/299     19.4G   0.06923  0.004922   0.02498   0.09914        16       640    0.3616   0.04148  0.008886  0.001613   0.09746  0.007244   0.02028
    29/299     19.4G   0.07052  0.004799   0.02545    0.1008        10       640    0.3532   0.01998  0.005074 0.0007334    0.1021  0.007102   0.02755
    30/299     19.4G   0.06932  0.004679   0.02483   0.09883         6       640    0.3471    0.1005  0.007657  0.001394   0.09574  0.007458   0.02009
    31/299     19.4G   0.06704  0.004925    0.0251   0.09706        12       640    0.3741   0.04417   0.01057  0.001843   0.09737  0.007955   0.02012
    32/299     19.4G   0.06772  0.004893   0.02466   0.09728        11       640   0.01429   0.09219  0.006412   0.00108   0.09697  0.007734   0.02045
    33/299     19.4G   0.06792  0.004781   0.02516   0.09786        16       640    0.3528   0.04206  0.007872  0.001284   0.09555  0.007709   0.02009
    34/299     19.4G   0.06679  0.004721   0.02487   0.09639        10       640   0.02116    0.1159   0.01028  0.001786   0.09613  0.007691    0.0201
    35/299     19.4G   0.06637  0.004691   0.02495   0.09601         7       640   0.01762   0.07875  0.006168  0.001205   0.09787  0.007953   0.02013
    36/299     19.4G   0.06755  0.004693   0.02504   0.09728        13       640   0.01745   0.04359   0.00543 0.0008633   0.09855  0.007915   0.02034
    37/299     19.4G   0.06766  0.004644    0.0249    0.0972         9       640    0.3518   0.04475  0.008471  0.001519   0.09716  0.007656   0.02009
    38/299     19.4G   0.06662  0.004611   0.02497   0.09621        15       640    0.3711   0.05761   0.01752  0.004665   0.09675  0.007928    0.0204
    39/299     19.4G   0.06648   0.00483   0.02463   0.09593         5       640   0.01842    0.0409   0.00649  0.001051   0.09684  0.008028   0.02344
    40/299     19.4G   0.06607   0.00467   0.02461   0.09535        12       640    0.3502   0.06357  0.006937  0.001252   0.09714    0.0078   0.02012
    41/299     19.4G   0.06699  0.004525   0.02465   0.09617        16       640    0.3552   0.05434  0.009064  0.001689   0.09768  0.008129      0.02
    42/299     19.4G   0.06786  0.004326   0.02499   0.09717        12       640    0.3541    0.0895   0.01137  0.002003   0.09586  0.007736   0.02031
    43/299     19.4G   0.06753  0.004423    0.0245   0.09645        11       640     0.356   0.05492  0.006398  0.001106   0.09903  0.007996   0.02017
    44/299     19.4G   0.06685  0.004482   0.02437    0.0957        20       640  0.006026    0.2245  0.003769 0.0005861   0.09709  0.007931   0.02163
    45/299     19.4G   0.06722  0.004356   0.02482   0.09639        18       640  0.009092   0.08851  0.003008 0.0005012    0.1051   0.00976   0.05691
    46/299     19.4G   0.06747  0.004454   0.02436   0.09629        11       640   0.01472    0.1106  0.006146 0.0009039   0.09899  0.008027   0.02027
    47/299     19.4G    0.0668   0.00445   0.02484   0.09609        21       640    0.3525   0.05761   0.00708  0.001387   0.09565  0.008079   0.02098
    48/299     19.4G   0.06607  0.004558   0.02489   0.09552        21       640    0.3602   0.05703  0.008611  0.001546    0.1001  0.008013   0.02048
    49/299     19.4G   0.06648  0.004473   0.02523   0.09618        13       640   0.01703    0.0555  0.006853  0.001333   0.09983  0.007574   0.02065
    50/299     19.4G    0.0657  0.004303   0.02443   0.09443        12       640    0.3553   0.06241   0.01015  0.001709    0.0969  0.007694   0.02026
    51/299     19.4G   0.06485  0.004286   0.02431   0.09344         8       640    0.3546    0.0409  0.006655  0.001408   0.09879  0.007767   0.02009
    52/299     19.4G   0.06471  0.004411   0.02422   0.09334        16       640    0.3727   0.04744   0.00967   0.00175   0.09951  0.008113   0.02041
    53/299     19.4G   0.06395  0.004384   0.02461   0.09294         8       640   0.01884   0.05013  0.007096  0.001178   0.09688  0.007991   0.02043
    54/299     19.4G   0.06553  0.004411    0.0247   0.09464        16       640   0.01476   0.04553  0.003882  0.001081   0.09723   0.00944   0.02086
    55/299     19.4G   0.06529  0.004186   0.02491   0.09438        15       640    0.3728   0.02957   0.01132  0.002105   0.09992  0.008054   0.02038
    56/299     19.4G   0.06569  0.004318   0.02481   0.09482         9       640   0.01786   0.03879  0.004341 0.0007215    0.1005   0.00819   0.02053
    57/299     19.4G   0.06428   0.00449    0.0252   0.09398        23       640   0.01869    0.0847  0.005998  0.001079   0.09775  0.008012   0.02055
    58/299     19.4G   0.06485  0.004207    0.0252   0.09426        15       640    0.3679   0.03553  0.008548  0.001623     0.101  0.008134   0.02052
    59/299     19.4G   0.06406  0.004418   0.02464   0.09312         8       640    0.3683   0.03284  0.008553    0.0014   0.09944  0.008155   0.02033
    60/299     19.4G   0.06424  0.004209   0.02433   0.09278        13       640   0.01757    0.0826  0.007684  0.001451    0.0968  0.008116    0.0203
    61/299     19.4G   0.06517  0.004391   0.02471   0.09427        10       640    0.3631   0.04897  0.008618   0.00175   0.09729  0.007893   0.02055
    62/299     19.4G   0.06463  0.004208   0.02461   0.09344        21       640     0.355    0.0555  0.006404  0.001261    0.1001  0.008069   0.02023
    63/299     19.4G   0.06426   0.00426   0.02476   0.09328        12       640     0.355   0.04955  0.008413   0.00164    0.0978   0.00781   0.02024
    64/299     19.4G   0.06379  0.004292   0.02453   0.09261        10       640    0.3515   0.08797   0.01116   0.00281   0.09353  0.008137   0.02024
    65/299     19.4G   0.06335  0.004203   0.02477   0.09232         9       640   0.01323   0.07316  0.007837   0.00169   0.09762  0.007761   0.02041
    66/299     19.4G   0.06475  0.004314   0.02461   0.09367        13       640    0.3612   0.02957   0.01076  0.002896   0.09664  0.007921   0.02052
    67/299     19.4G   0.06488  0.004218   0.02508   0.09417         9       640    0.3605   0.03131  0.007971  0.001521   0.09853  0.007849   0.02057
    68/299     19.4G   0.06294  0.004286   0.02447    0.0917        14       640   0.03061    0.0861  0.006576  0.001303   0.09852  0.008772   0.02054
    69/299     19.4G   0.06348  0.004201   0.02476   0.09243        11       640    0.3618   0.03226  0.008192  0.001728   0.09968   0.00856    0.0201
    70/299     19.4G   0.06536  0.004159   0.02452   0.09404         9       640   0.02084   0.05819  0.008258  0.001534   0.09773  0.008334   0.02018
    71/299     19.4G   0.06253  0.004302   0.02467    0.0915        13       640    0.3564   0.05455  0.008659  0.002959   0.09773  0.008983   0.02025
    72/299     19.4G   0.06349  0.004358   0.02503   0.09288        16       640   0.02296   0.03611  0.008556   0.00183   0.09397  0.008411   0.02049
    73/299     19.4G   0.06234  0.004277   0.02414   0.09075         7       640    0.3986   0.03226   0.01334   0.00331   0.09807  0.008652   0.02028
    74/299     19.4G     0.063  0.004334   0.02507    0.0924        12       640   0.01852   0.05071  0.006569  0.001652   0.09863  0.008253   0.02052
    75/299     19.4G   0.06335  0.004153   0.02477   0.09227        11       640    0.3567   0.03821   0.01086  0.003359   0.09565   0.00781   0.02013
    76/299     19.4G   0.06311  0.004376   0.02497   0.09245        11       640   0.02079    0.1637  0.009303  0.002288   0.09652   0.00807   0.02021
    77/299     19.4G   0.06144   0.00424   0.02451   0.09019        10       640    0.3587   0.02688  0.008962   0.00214   0.09819  0.007944   0.02099
    78/299     19.4G   0.06184  0.004183   0.02465   0.09067        12       640    0.3529   0.04802  0.007226  0.001416   0.09747  0.008502   0.02007
    79/299     19.4G   0.06264  0.004391   0.02484   0.09188        12       640      0.35   0.04359  0.009755  0.003774   0.09607  0.008279   0.02018
    80/299     19.4G   0.06326    0.0043   0.02472   0.09228        13       640    0.3599    0.0457  0.007936  0.001606   0.09962  0.008321   0.02026
    81/299     19.4G   0.06159  0.004177    0.0242   0.08997        19       640   0.01896    0.1956   0.01064   0.00373    0.0969  0.008005   0.02024
    82/299     19.4G   0.06239  0.004133   0.02443   0.09096         9       640    0.3772   0.05645   0.02352  0.006221   0.09984  0.008649   0.02028
    83/299     19.4G   0.06309  0.004163   0.02442   0.09167        15       640   0.01761   0.04359  0.008638   0.00224   0.09833   0.00808   0.02033
    84/299     19.4G    0.0623  0.004305   0.02465   0.09125        16       640   0.02548     0.103  0.008213  0.002133    0.0989  0.008076   0.02051
    85/299     19.4G   0.06281  0.004298   0.02449    0.0916         8       640    0.3517   0.05492  0.009891  0.002691   0.09844  0.007949   0.02043
    86/299     19.4G   0.06261   0.00432   0.02444   0.09137        12       640   0.01395   0.03763  0.005062  0.001013   0.09857  0.008822    0.0213
    87/299     19.4G   0.06292  0.004177   0.02473   0.09183         7       640    0.3623   0.03226  0.008165  0.001489    0.1007  0.008149   0.02038
    88/299     19.4G   0.06329  0.004348   0.02474   0.09238        12       640   0.01707   0.06357  0.009925  0.002193   0.09852  0.008192   0.02075
    89/299     19.4G   0.06327   0.00429   0.02485   0.09241        13       640   0.02186    0.1328  0.009726  0.003204   0.09561  0.008122   0.02012
    90/299     19.4G   0.06281  0.004411   0.02442   0.09164        14       640   0.01309   0.06357  0.005003  0.001387   0.09894  0.008699   0.02022
    91/299     19.4G   0.06308   0.00432   0.02532   0.09272        12       640   0.02314   0.05819  0.009724  0.002772   0.09687  0.008697    0.0204
    92/299     19.4G   0.06172  0.004293   0.02476   0.09077         7       640     0.367   0.03879   0.01036  0.002222   0.09914  0.008658   0.02032
    93/299     19.4G   0.06288  0.004186   0.02483   0.09189        10       640   0.04326   0.07883  0.008874  0.002592   0.09813  0.008043   0.02028
    94/299     19.4G   0.06144  0.004255   0.02476   0.09045        14       640   0.02058   0.07817  0.007637  0.001473   0.09746  0.008453   0.02031
    95/299     19.4G   0.06223  0.004198   0.02492   0.09135        16       640     0.362   0.03763  0.008087  0.002061   0.09773  0.008873   0.02025
    96/299     19.4G   0.06063  0.004354   0.02486   0.08984        13       640   0.02881   0.07324  0.009126  0.003207     0.098  0.008639   0.02025
    97/299     19.4G   0.06192   0.00429    0.0244   0.09061        16       640   0.01787    0.1579  0.007797   0.00195   0.09652  0.008669   0.02012
    98/299     19.4G   0.06133  0.004195   0.02473   0.09025         9       640   0.02934    0.1348   0.01079  0.003558   0.09611  0.008383   0.02029
    99/299     19.4G    0.0615  0.004359   0.02419   0.09004        12       640   0.01656   0.04955  0.008378   0.00307   0.09733  0.008819    0.0202
   100/299     19.4G   0.06036  0.004291   0.02445   0.08911         6       640   0.01644    0.1774  0.008493  0.001852   0.09772  0.007994   0.02031
   101/299     19.4G   0.06215  0.004521   0.02489   0.09156        10       640    0.0118   0.03995  0.004492  0.001018    0.1003  0.009479   0.02056
   102/299     19.4G   0.06353  0.004237   0.02483   0.09259        12       640    0.3583   0.05013   0.00959  0.002015   0.09804  0.008354   0.02029
   103/299     19.4G     0.062  0.004343   0.02483   0.09117        12       640    0.3544    0.0555  0.007927  0.001711   0.09787  0.008723   0.02015
   104/299     19.4G   0.06326  0.004286   0.02466   0.09221        23       640     0.356   0.04236  0.006437  0.001433    0.1006  0.008758   0.02015
   105/299     19.4G   0.06102  0.004402   0.02472   0.09014        18       640   0.01891   0.07535  0.007311  0.002263   0.09924  0.008779   0.02019
   106/299     19.4G   0.06142  0.004271   0.02445   0.09013        13       640    0.0259   0.02266  0.007363   0.00199    0.0988  0.008301   0.02013
   107/299     19.4G   0.06318  0.004344   0.02468   0.09221        11       640   0.03709   0.08094  0.008469  0.001881   0.09735  0.008527   0.02038
   108/299     19.4G    0.0615   0.00434   0.02471   0.09055        12       640   0.03298   0.08268  0.006538  0.001728   0.09853    0.0087   0.02016
   109/299     19.4G   0.06096  0.004383   0.02435    0.0897        15       640   0.02264   0.08094  0.007314  0.001993   0.09826  0.008502   0.02045
   110/299     19.4G   0.06161  0.004355   0.02483   0.09079         8       640   0.03215    0.1418   0.01422   0.00446   0.09549   0.00845   0.02015
   111/299     19.4G   0.06109  0.004364   0.02483   0.09028         8       640   0.02596    0.2082    0.0166  0.005211   0.09105  0.008768   0.02016
   112/299     19.4G   0.06134  0.004412   0.02483   0.09058        19       640   0.02824    0.1371  0.008129  0.002031    0.0982  0.008534   0.02019
   113/299     19.4G      0.06  0.004221   0.02478     0.089         8       640    0.0235   0.08462   0.01264   0.00394   0.09664  0.008712   0.02023
   114/299     19.4G   0.06145  0.004348   0.02493   0.09072        12       640   0.03197    0.1112   0.01346  0.002695   0.09609  0.008132   0.02027
   115/299     19.4G   0.06271  0.004346   0.02482   0.09188        11       640   0.03009    0.1275   0.01104  0.002354   0.09635  0.008634   0.02039
   116/299     19.4G   0.06189  0.004236   0.02483   0.09096        22       640   0.02913    0.1218   0.01206  0.004025   0.09887   0.00839   0.02028
   117/299     19.4G   0.06082   0.00445   0.02478   0.09005         4       640   0.04819   0.05426   0.01109  0.003769    0.0963  0.008403   0.02038
   118/299     19.4G   0.06117  0.004376   0.02448   0.09002        13       640   0.02888   0.05537  0.008555  0.002397   0.09966  0.008374   0.02038
   119/299     19.4G   0.06077  0.004364   0.02475   0.08989         9       640    0.0288   0.09598   0.01049  0.002639   0.09742  0.008285    0.0207
   120/299     19.4G   0.06047  0.004457   0.02483   0.08976         4       640   0.06821    0.0806   0.01195  0.003905   0.09766  0.008664   0.02024
   121/299     19.4G   0.06117  0.004402   0.02481   0.09039        13       640   0.02859    0.1336   0.01067   0.00325   0.09863  0.008442   0.02036
   122/299     19.4G   0.06056  0.004452    0.0248   0.08981         9       640   0.08588   0.06753   0.01211  0.003785   0.09849  0.008796   0.02027
   123/299     19.4G   0.06127  0.004346   0.02477   0.09038        14       640   0.02186   0.03763  0.008845  0.002569   0.09912  0.008701    0.0206
   124/299     19.4G   0.06037  0.004276   0.02478   0.08943        14       640   0.03785    0.0548   0.00832  0.002314    0.1005   0.00854   0.02048
   125/299     19.4G   0.05898  0.004347   0.02447    0.0878         8       640   0.02934    0.1289  0.009545  0.002401    0.1018  0.008244   0.02032
   126/299     19.4G   0.05969  0.004271   0.02459   0.08855        15       640   0.01534    0.1328  0.005506  0.001308   0.09848  0.009149   0.02083
   127/299     19.4G   0.06227  0.004326    0.0246    0.0912        18       640   0.02169    0.1572  0.006821  0.001797    0.1001  0.008386   0.02048
   128/299     19.4G   0.06043   0.00426   0.02457   0.08926        11       640   0.04146    0.1106   0.00877  0.001896   0.09893  0.008353   0.02045
   129/299     19.4G   0.06205  0.004331   0.02502   0.09141        18       640   0.04203   0.08139  0.009622  0.002333   0.09894  0.008373   0.02033
   130/299     19.4G     0.061  0.004278   0.02502    0.0903        11       640   0.03121    0.1105  0.009435  0.002677    0.1008  0.008438   0.02058
   131/299     19.4G   0.06132  0.004301   0.02469   0.09031        12       640    0.0157     0.222  0.009079   0.00278    0.1004  0.009069   0.02036
   132/299     19.4G   0.06081  0.004258    0.0249   0.08996        21       640   0.02582   0.05877   0.00751  0.001752   0.09954  0.008692   0.02032
   133/299     19.4G   0.06003  0.004271   0.02484   0.08914         6       640   0.02956    0.1363   0.01153  0.002516   0.09681  0.007754   0.02038
   134/299     19.4G   0.06016  0.004325   0.02474   0.08922         6       640   0.02049    0.1436  0.007366  0.001749   0.09729  0.008352    0.0202
   135/299     19.4G   0.06168  0.004453   0.02507   0.09121        15       640   0.04621   0.05559   0.01242  0.004076   0.09577   0.00854   0.02021
   136/299     19.4G   0.05984  0.004539   0.02462     0.089         9       640   0.02985    0.1307   0.01261  0.004177   0.09711  0.008382   0.02045
   137/299     19.4G   0.05952  0.004172   0.02464   0.08833        20       640   0.02842   0.08094  0.008434  0.002205   0.09972  0.008576    0.0203
   138/299     19.4G   0.06033  0.004398   0.02478   0.08951         8       640   0.02071    0.1266   0.01051  0.003832    0.0999  0.008714   0.02034
   139/299     19.4G   0.05975  0.004252   0.02493   0.08893        12       640   0.03702    0.1395   0.01148  0.003216   0.09814  0.008701   0.02052
   140/299     19.4G   0.05981  0.004517   0.02447    0.0888         5       640   0.04513    0.0801   0.01185  0.003234   0.09929   0.00873   0.02019
   141/299     19.4G   0.06013  0.004257   0.02448   0.08887         7       640    0.0614   0.08548   0.01208  0.002985   0.09831  0.008733   0.02022
   142/299     19.4G   0.06022  0.004268   0.02435   0.08883        14       640    0.3704   0.02535   0.00857  0.002015    0.0983   0.00881   0.02028
   143/299     19.4G   0.06054  0.004396   0.02482   0.08975        18       640   0.02539    0.1722   0.01045   0.00248   0.09806  0.008481   0.02036
   144/299     19.4G   0.06142  0.004442   0.02483   0.09069        11       640   0.03294   0.07485  0.009391  0.002305   0.09733   0.00838   0.02023
   145/299     19.4G   0.06001  0.004341   0.02473   0.08908        21       640   0.03083    0.1182   0.01121  0.002339   0.09727  0.008017   0.02018
   146/299     19.4G   0.06097  0.004512   0.02486   0.09034        11       640   0.02074   0.09726  0.007254  0.001631    0.1013  0.008221   0.02147
   147/299     19.4G   0.05924  0.004386   0.02472   0.08834        14       640   0.03513   0.07998  0.009149  0.002224    0.1011   0.00838   0.02024
   148/299     19.4G   0.05965  0.004443   0.02455   0.08864        18       640   0.04141   0.07817   0.01101  0.002434    0.1003  0.008058   0.02013
   149/299     19.4G   0.05921  0.004374   0.02446   0.08805        15       640   0.03264    0.1106  0.009748  0.002456    0.1004   0.00837   0.02019
   150/299     19.4G   0.05913  0.004436   0.02509   0.08865        20       640   0.02625   0.04591  0.009138  0.002231   0.09836  0.008373   0.02023
   151/299     19.4G   0.06066   0.00442   0.02474   0.08982         8       640   0.03166    0.1112   0.01107  0.002694   0.09868  0.008105   0.02057
   152/299     19.4G   0.05935  0.004364   0.02504   0.08876         9       640   0.03095     0.109   0.01191  0.002735    0.0988  0.007962   0.02026
   153/299     19.4G   0.05888  0.004506    0.0243   0.08769        25       640   0.02453    0.1579   0.01093  0.002638   0.09881  0.008023   0.02018
   154/299     19.4G   0.05807  0.004504   0.02475   0.08733        16       640   0.03225    0.1283   0.01112  0.003016    0.1008  0.008072   0.02026
   155/299     19.4G   0.05838  0.004245   0.02472   0.08734         9       640   0.03545    0.1658   0.01219  0.002884   0.09938  0.008227   0.02035
   156/299     19.4G   0.05897  0.004318   0.02495   0.08824        14       640   0.03832    0.1141   0.01273  0.003927   0.09938  0.008506   0.02036
   157/299     19.4G    0.0585  0.004283   0.02502    0.0878         9       640   0.03427    0.1101  0.009682  0.003101    0.1004  0.008911   0.02078
   158/299     19.4G   0.05989  0.004383   0.02476   0.08903        13       640   0.03491    0.1482    0.0121    0.0036   0.09847  0.008899   0.02006
   159/299     19.4G   0.06048  0.004306   0.02493   0.08972        17       640   0.04288    0.1174   0.01461  0.004162   0.09829  0.008858   0.02028
   160/299     19.4G    0.0603  0.004167    0.0246   0.08907        12       640   0.02885    0.1394   0.01189  0.002934   0.09708  0.008468   0.02036
   161/299     19.4G   0.05978  0.004545   0.02483   0.08916        14       640   0.03076    0.1834   0.01284  0.003886   0.09685    0.0087   0.02048
   162/299     19.4G   0.05948   0.00424   0.02496   0.08868        17       640   0.03773    0.1513   0.01465  0.004238    0.0967  0.008471   0.02071
   163/299     19.4G   0.05948  0.004373   0.02463   0.08848        11       640   0.03747    0.1442   0.01417  0.004286   0.09831  0.008394   0.02043
   164/299     19.4G   0.05908  0.004472   0.02516   0.08871         8       640   0.03538     0.193   0.01285  0.003489   0.09901  0.008425   0.02015
   165/299     19.4G   0.05735  0.004564   0.02452   0.08643        16       640   0.03512    0.1707   0.01262  0.003946    0.1004   0.00826   0.02049
   166/299     19.4G   0.05837  0.004387   0.02452   0.08727         7       640   0.03972    0.1515   0.01305   0.00395    0.1001  0.008316   0.02024
   167/299     19.4G   0.05974  0.004406   0.02508   0.08922        12       640    0.0351    0.1269   0.01321  0.003995    0.1001  0.008337    0.0203
   168/299     19.4G   0.05897   0.00456   0.02476   0.08829        14       640   0.02896    0.1786   0.01089  0.002814   0.09985  0.008351   0.02034
   169/299     19.4G   0.05955  0.004421   0.02487   0.08884        13       640   0.03149     0.127   0.01024  0.002746   0.09962  0.008238   0.02026
   170/299     19.4G   0.05756  0.004478   0.02464   0.08667        11       640   0.04021   0.09644   0.01129   0.00239   0.09649  0.008311   0.02027
   171/299     19.4G   0.05918   0.00438   0.02485   0.08842        13       640     0.038   0.06584    0.0107  0.002559   0.09742  0.008264   0.02041
   172/299     19.4G   0.05887  0.004418   0.02484   0.08812         6       640   0.03136   0.09412   0.01185  0.004144   0.09859  0.008398   0.02033
   173/299     19.4G   0.05758  0.004488   0.02472   0.08679        14       640   0.03151    0.1521   0.01235  0.003797   0.09911  0.008084   0.02028
   174/299     19.4G   0.05877  0.004329   0.02488   0.08797        10       640   0.02941    0.1971   0.01124  0.003258   0.09833  0.008305   0.02027
   175/299     19.4G     0.058  0.004326   0.02437    0.0867        14       640   0.03165    0.1733   0.01066  0.002961   0.09862  0.008503   0.02037
   176/299     19.4G   0.06014  0.004498   0.02471   0.08934         8       640   0.03544    0.1263    0.0112  0.002951    0.0977  0.008474   0.02028
   177/299     19.4G   0.05898   0.00434   0.02471   0.08802        13       640   0.03388    0.1117   0.01162  0.003226   0.09716   0.00845   0.02022
   178/299     19.4G   0.05915  0.004572   0.02465   0.08837        12       640   0.03406    0.1365   0.01212  0.003727    0.0982  0.008498   0.02023
   179/299     19.4G   0.05809   0.00441   0.02466   0.08716        15       640   0.03224    0.1657   0.01049  0.003033   0.09931  0.008141    0.0204
   180/299     19.4G   0.05859  0.004414   0.02486   0.08787        16       640   0.03759    0.1613   0.01168  0.003132     0.101   0.00813   0.02073
   181/299     19.4G   0.05826   0.00441   0.02454   0.08721        12       640   0.03545    0.1103   0.01189  0.003627    0.1001  0.008454   0.02027
   182/299     19.4G    0.0579  0.004618   0.02449   0.08701        14       640   0.03691     0.122   0.01157  0.003315    0.1001  0.008376   0.02024
   183/299     19.4G   0.05868  0.004257   0.02491   0.08785         7       640   0.03527    0.1644    0.0115  0.002981    0.1006  0.008296   0.02042
   184/299     19.4G   0.05811  0.004486   0.02513   0.08772        11       640   0.03733    0.1371    0.0109  0.002882    0.1009  0.008274   0.02044
   185/299     19.4G   0.05714  0.004408   0.02493   0.08648        12       640   0.02814    0.1704  0.009317  0.002395   0.09971  0.008171    0.0202
   186/299     19.4G   0.05765  0.004481   0.02474   0.08687        13       640   0.03603    0.1288   0.01041  0.002654    0.1007  0.008092    0.0204
   187/299     19.4G   0.05728  0.004299   0.02476   0.08634        14       640    0.0306    0.1651  0.009892  0.002455    0.1009  0.008343   0.02021
   188/299     19.4G   0.05794  0.004416   0.02469   0.08705         8       640   0.03514   0.09086  0.008629  0.002457    0.1012  0.008582    0.0203
   189/299     19.4G   0.05793  0.004337   0.02503    0.0873        14       640   0.04167   0.06191  0.008931  0.002871    0.1002  0.008764    0.0203
   190/299     19.4G   0.05837  0.004351   0.02463   0.08735         6       640   0.02716    0.1631  0.009816  0.002909    0.1003  0.008453   0.02025
   191/299     19.4G   0.05738  0.004569   0.02478   0.08672        10       640   0.03264    0.1042   0.01009  0.003059   0.09965  0.008413   0.02028
   192/299     19.4G   0.05753   0.00455   0.02478   0.08686        10       640   0.03138    0.1298   0.01362  0.004619   0.09917  0.008392   0.02019
   193/299     19.4G   0.05877  0.004433   0.02459    0.0878        11       640   0.02726    0.1364  0.009875  0.002642    0.1003  0.008243   0.02025
   194/299     19.4G   0.05729  0.004437   0.02482   0.08654         9       640   0.05898   0.04739    0.0124  0.004004    0.1002  0.008333   0.02043
   195/299     19.4G   0.05713  0.004401   0.02455   0.08608        11       640   0.03083    0.1039  0.008314  0.002466    0.1005  0.008777   0.02016
   196/299     19.4G   0.05679  0.004385   0.02489   0.08607         9       640   0.03459   0.08733  0.009734  0.003339    0.1007  0.008662   0.02019
   197/299     19.4G   0.05863  0.004295   0.02459   0.08752         8       640   0.03689   0.09643   0.01074  0.003569    0.1003  0.008377   0.02017
   198/299     19.4G   0.05776  0.004355    0.0246   0.08672         8       640   0.02964    0.1396   0.01008  0.002768    0.1004  0.008209   0.02021
   199/299     19.4G   0.05802   0.00443   0.02477   0.08722         6       640   0.02995   0.09759  0.009369  0.002593   0.09987   0.00818   0.02025
   200/299     19.4G   0.05836  0.004551   0.02496   0.08787         9       640   0.03288     0.103  0.009432  0.002822   0.09954  0.008127   0.02045
   201/299     19.4G   0.05778  0.004612   0.02445   0.08685         9       640   0.03258    0.1408   0.01225  0.003971   0.09965  0.008194   0.02021
   202/299     19.4G   0.05739  0.004459    0.0247   0.08656         8       640    0.0345    0.1527   0.01223  0.003709       0.1  0.008173   0.02026
   203/299     19.4G   0.05749  0.004633   0.02496   0.08708        11       640   0.03676    0.1263   0.01102  0.003502   0.09938  0.008403    0.0201
   204/299     19.4G   0.05689  0.004438   0.02484   0.08616        19       640   0.03674   0.09585    0.0101  0.003096   0.09948  0.008395   0.02028
   205/299     19.4G    0.0587  0.004499   0.02479   0.08798        17       640   0.03376   0.08791  0.009105  0.002579   0.09829  0.008556   0.02034
   206/299     19.4G   0.05789  0.004326   0.02463   0.08684        14       640   0.03451   0.08266  0.009813  0.002806   0.09681  0.008796   0.02036
   207/299     19.4G   0.05781  0.004492   0.02477   0.08707        14       640    0.0299    0.1423   0.01104  0.003033   0.09566  0.008626   0.02023
   208/299     19.4G   0.05736  0.004394   0.02517   0.08693        16       640    0.0295    0.1396   0.01218  0.003674   0.09604  0.008417   0.02029
   209/299     19.4G   0.05639  0.004461   0.02453   0.08538        20       640   0.03241   0.09365   0.01155  0.003486   0.09735  0.008351    0.0203
   210/299     19.4G   0.05657  0.004534   0.02467   0.08578        12       640   0.03022    0.1775   0.01166  0.003586   0.09803  0.008374   0.02028
   211/299     19.4G   0.05741   0.00449   0.02459   0.08649        14       640   0.03095    0.1575   0.01191  0.003799   0.09911  0.008081   0.02061
   212/299     19.4G   0.05728  0.004406   0.02475   0.08644        23       640   0.03641    0.1092   0.01191  0.003779   0.09873  0.008067   0.02038
   213/299     19.4G   0.05775  0.004656   0.02488   0.08729        11       640   0.03054    0.1527   0.01201  0.003661    0.0985  0.008115   0.02032
   214/299     19.4G   0.05825  0.004271    0.0243   0.08681        15       640   0.03212    0.1124    0.0107  0.003454   0.09903  0.008312   0.02027
   215/299     19.4G   0.05669  0.004404   0.02465   0.08574        15       640   0.03254    0.1225   0.01051  0.003494   0.09862  0.008467   0.02043
   216/299     19.4G   0.05864  0.004484   0.02478   0.08791         6       640    0.0337    0.1225   0.01061  0.003636   0.09793  0.008367   0.02076
   217/299     19.4G   0.05608  0.004698   0.02481   0.08559        15       640   0.03216    0.1198   0.01036  0.003405   0.09762  0.008448   0.02049
   218/299     19.4G   0.05712  0.004467   0.02439   0.08598         9       640   0.02852    0.1402   0.01061  0.003461    0.0974  0.008391   0.02035
   219/299     19.4G   0.05844  0.004458   0.02467   0.08757        10       640   0.03132    0.1236   0.01121  0.003522   0.09772  0.008308   0.02053
   220/299     19.4G    0.0573  0.004604   0.02477   0.08668        13       640   0.03736   0.09436  0.009861  0.002621   0.09892  0.008274   0.02056
   221/299     19.4G   0.05817  0.004592   0.02473    0.0875        13       640   0.03867    0.1204   0.01142  0.002858   0.09932  0.008251   0.02043
   222/299     19.4G   0.05689  0.004385   0.02459   0.08586        11       640   0.03608    0.1344   0.01148  0.003006   0.09929  0.008187   0.02037
   223/299     19.4G   0.05731  0.004646   0.02492   0.08688        10       640   0.03409    0.1259  0.009661  0.002586   0.09961  0.008232   0.02036
   224/299     19.4G   0.05623  0.004569   0.02444   0.08524        11       640   0.03414     0.149   0.01032  0.002738   0.09993  0.008362   0.02041
   225/299     19.4G   0.05699  0.004486   0.02481   0.08628        16       640   0.03409    0.1332   0.01123  0.003531    0.1001  0.008178   0.02047
   226/299     19.4G   0.05745  0.004585   0.02473   0.08676        17       640   0.03363    0.1335   0.01114  0.003465   0.09987  0.008266   0.02035
   227/299     19.4G   0.05689  0.004528    0.0245   0.08592        11       640   0.03405    0.1457   0.01117  0.003484    0.1001  0.008224   0.02087
   228/299     19.4G   0.05648  0.004434   0.02474   0.08565         8       640   0.03279    0.1451   0.01083  0.003375    0.1002  0.008198   0.02029
   229/299     19.4G   0.05613  0.004534   0.02505   0.08572        20       640   0.03261    0.1305   0.01059  0.003391   0.09997   0.00823    0.0203
   230/299     19.4G   0.05663  0.004588   0.02467   0.08589        16       640   0.03367    0.1172   0.01028  0.003335    0.1003  0.008272   0.02036
   231/299     19.4G   0.05546  0.004616   0.02477   0.08485         6       640   0.03371    0.1198   0.01012  0.003406   0.09924  0.008473   0.02046
   232/299     19.4G   0.05766  0.004467   0.02465   0.08678        17       640   0.03371    0.1065   0.01014  0.003479   0.09912  0.008384   0.02048
   233/299     19.4G   0.05634  0.004401   0.02495   0.08569        21       640   0.03467   0.09899   0.01059  0.003542   0.09947  0.008203   0.02028
   234/299     19.4G   0.05714  0.004532   0.02482   0.08648        10       640   0.03826   0.09841   0.01115  0.003606    0.1007  0.008311   0.02031
   235/299     19.4G   0.05618   0.00451   0.02481    0.0855        10       640   0.03852     0.109   0.01124  0.003722    0.1012   0.00827   0.02033
   236/299     19.4G   0.05732  0.004365   0.02464   0.08632         8       640   0.03646     0.109   0.01074  0.003493    0.1009  0.008468   0.02022
   237/299     19.4G   0.05654  0.004648   0.02454   0.08573        21       640   0.03752    0.1063     0.011  0.003607     0.101  0.008276   0.02036
   238/299     19.4G   0.05666   0.00442    0.0248   0.08588        14       640   0.03512     0.101   0.01144  0.003646    0.1011  0.008264    0.0204
   239/299     19.4G   0.05567  0.004499   0.02447   0.08464        13       640   0.03299    0.1337   0.01068  0.003612    0.1012  0.008171   0.02053
   240/299     19.4G   0.05681  0.004472   0.02485   0.08613         9       640   0.03239    0.1337   0.01052  0.003436    0.1003  0.008274   0.02056
   241/299     19.4G    0.0562  0.004647   0.02481   0.08566        11       640    0.0371   0.08782    0.0103  0.002942    0.1009  0.008261   0.02046
   242/299     19.4G   0.05602  0.004276   0.02479   0.08508         8       640   0.03415    0.1277   0.01093  0.003592    0.1012  0.008345   0.02038
   243/299     19.4G   0.05659  0.004479   0.02482   0.08588        12       640   0.03974    0.1117   0.01108  0.003698    0.1007  0.008415   0.02029
   244/299     19.4G   0.05599  0.004681    0.0246   0.08527        10       640   0.03757    0.1252   0.01181   0.00405    0.1005  0.008416   0.02038
   245/299     19.4G   0.05622  0.004426    0.0245   0.08514        20       640   0.03632    0.1144   0.01142  0.003741    0.1006  0.008307   0.02049
   246/299     19.4G    0.0569  0.004507   0.02466   0.08606        13       640   0.03736    0.1144   0.01011  0.002956   0.09995  0.008361   0.02029
   247/299     19.4G   0.05774  0.004319    0.0251   0.08716        24       640   0.03623    0.1045   0.01064  0.003535   0.09984  0.008417   0.02035
   248/299     19.4G   0.05689  0.004398    0.0249   0.08619        14       640   0.03437    0.1144   0.01021  0.003469   0.09998  0.008396   0.02046
   249/299     19.4G   0.05637  0.004481   0.02472   0.08557        14       640   0.03293    0.1223   0.01018  0.003494    0.1001  0.008406   0.02014
   250/299     19.4G   0.05665  0.004405    0.0248   0.08585        12       640    0.0376   0.09047   0.01081  0.003485   0.09963  0.008479   0.02035
   251/299     19.4G   0.05596  0.004533   0.02431    0.0848         6       640   0.03806    0.1011   0.01086  0.003535    0.1001   0.00841   0.02015
   252/299     19.4G   0.05552   0.00455   0.02488   0.08496         8       640    0.0379    0.1011   0.01042  0.003503   0.09998  0.008392    0.0202
   253/299     19.4G   0.05815  0.004491   0.02464   0.08729        12       640   0.03636   0.09841   0.01001  0.003396    0.1005  0.008452   0.02028
   254/299     19.4G   0.05554  0.004667   0.02492   0.08512        11       640   0.03586   0.09841  0.009834  0.003403    0.1002  0.008346   0.02023
   255/299     19.4G   0.05609  0.004561   0.02479   0.08544        10       640   0.03724    0.1117   0.01067   0.00358    0.1004  0.008285   0.02048
   256/299     19.4G   0.05651  0.004456   0.02483   0.08579        12       640   0.03842   0.09841    0.0106  0.003581    0.1006  0.008353   0.02036
   257/299     19.4G   0.05591  0.004525   0.02483   0.08526        10       640   0.04086    0.1037   0.01211  0.003942       0.1  0.008399    0.0204
   258/299     19.4G   0.05636  0.004665   0.02444   0.08546         8       640   0.03563    0.1144   0.01062  0.003714   0.09985  0.008421   0.02061
   259/299     19.4G   0.05633  0.004767   0.02489   0.08599        15       640   0.03823   0.09841   0.01046  0.003419   0.09983  0.008506   0.02023
   260/299     19.4G    0.0566  0.004709   0.02508   0.08639        17       640   0.04051   0.07716   0.01112  0.003558   0.09904   0.00858   0.02046
   261/299     19.4G   0.05623  0.004596   0.02472   0.08555         9       640   0.04075   0.09841    0.0107  0.003501   0.09805  0.008755   0.02029
   262/299     19.4G   0.05581  0.004501   0.02447   0.08479        10       640   0.03818   0.09783   0.01072   0.00349   0.09862  0.008752   0.02049
   263/299     19.4G   0.05676  0.004538   0.02484   0.08614        12       640   0.04064   0.08125   0.01017  0.002828   0.09954  0.008721    0.0205
   264/299     19.4G   0.05637  0.004714   0.02477   0.08585        24       640   0.03792    0.1092  0.009951  0.002806   0.09862  0.009006   0.02043
   265/299     19.4G   0.05537  0.004503   0.02473    0.0846         9       640   0.03599    0.1065   0.01004  0.002971   0.09854  0.008896   0.02035
   266/299     19.4G   0.05597  0.004358   0.02485   0.08518        19       640    0.0343    0.1151   0.01086  0.003643   0.09854  0.008815   0.02022
   267/299     19.4G   0.05583  0.004556   0.02473   0.08511        11       640    0.0379   0.08452   0.01099  0.003654   0.09805  0.008829   0.02047
   268/299     19.4G   0.05589  0.004603   0.02481    0.0853        17       640   0.03687    0.1151   0.01084  0.003655    0.0981  0.008854    0.0205
   269/299     19.4G   0.05611  0.004543   0.02469   0.08534         8       640   0.03812    0.1038   0.01146  0.003844   0.09847  0.008758   0.02023
   270/299     19.4G   0.05485  0.004525   0.02474   0.08412        19       640   0.03738    0.1038   0.01092  0.003679    0.0991  0.008584   0.02043
   271/299     19.4G   0.05534  0.004536   0.02527   0.08514        10       640   0.03709   0.09585   0.01062  0.003479   0.09944  0.008545   0.02053
   272/299     19.4G   0.05644  0.004167   0.02475   0.08536        10       640   0.03494    0.1011   0.01037  0.003399   0.09939  0.008603   0.02033
   273/299     19.4G   0.05563  0.004536   0.02479   0.08496        16       640   0.03683   0.09944   0.01054  0.003453   0.09974  0.008455   0.02036
   274/299     19.4G   0.05633  0.004424    0.0249   0.08565        10       640   0.03171    0.1477   0.01038   0.00342   0.09998  0.008448   0.02034
   275/299     19.4G   0.05617  0.004572    0.0249   0.08565        16       640   0.03803   0.08254   0.01066  0.003461   0.09984  0.008427   0.02035
   276/299     19.4G   0.05605  0.004563   0.02488    0.0855         9       640   0.03346    0.1117   0.01082  0.003586    0.0996  0.008623   0.02023
   277/299     19.4G   0.05605  0.004659   0.02473   0.08544        21       640   0.03839   0.08217   0.01089  0.003605   0.09936  0.008427   0.02034
   278/299     19.4G   0.05691  0.004496   0.02478   0.08618         8       640   0.03412    0.1117   0.01079  0.003591   0.09933  0.008456   0.02022
   279/299     19.4G   0.05524   0.00448   0.02458    0.0843        21       640   0.03491    0.1011    0.0107  0.003742   0.09947  0.008439   0.02028
   280/299     19.4G   0.05664  0.004431   0.02495   0.08602        16       640   0.03351    0.1116   0.01067  0.003729   0.09945  0.008396   0.02027
   281/299     19.4G   0.05455  0.004495   0.02506   0.08411        18       640    0.0357   0.09303    0.0107   0.00377   0.09876  0.008532   0.02019
   282/299     19.4G   0.05494  0.004551   0.02483   0.08432        21       640   0.03256    0.1311   0.01104  0.003872   0.09922  0.008467   0.02025
   283/299     19.4G   0.05632  0.004356   0.02471   0.08538         9       640   0.03688   0.09303   0.01117  0.003904   0.09891  0.008556   0.02018
   284/299     19.4G   0.05505  0.004561   0.02444   0.08406        13       640   0.03901   0.09841   0.01106  0.003952   0.09942   0.00842   0.02032
   285/299     19.4G   0.05551  0.004651    0.0246   0.08476         7       640   0.04057   0.09841   0.01103  0.003924   0.09975  0.008306    0.0204
   286/299     19.4G   0.05478  0.004613   0.02452   0.08391        12       640   0.03879    0.1011   0.01103  0.003966   0.09948  0.008342   0.02024
   287/299     19.4G   0.05546  0.004475   0.02498   0.08491         6       640   0.03738    0.1011    0.0107  0.003906   0.09884  0.008553   0.02031
   288/299     19.4G   0.05589  0.004453   0.02496   0.08531         7       640    0.0366    0.1011   0.01062  0.003819   0.09942  0.008369   0.02017
   289/299     19.4G   0.05624  0.004496   0.02501   0.08575        17       640   0.03848    0.1011   0.01106  0.003851   0.09924  0.008348    0.0203
   290/299     19.4G   0.05676  0.004483   0.02481   0.08606        10       640   0.04129   0.09316   0.01118  0.003817   0.09962  0.008357   0.02041
   291/299     19.4G   0.05528  0.004557   0.02446   0.08429         5       640   0.03984   0.09316   0.01115  0.003822   0.09919  0.008412   0.02011
   292/299     19.4G   0.05682  0.004502   0.02482   0.08614        10       640   0.04138   0.09316   0.01122  0.003814   0.09943  0.008493   0.02012
   293/299     19.4G   0.05555  0.004453   0.02477   0.08477         7       640   0.04145   0.09047   0.01122  0.003843   0.09955  0.008476   0.02031
   294/299     19.4G   0.05511  0.004317   0.02434   0.08376        16       640   0.04205   0.09047   0.01122  0.003652    0.1002  0.008375   0.02024
   295/299     19.4G   0.05586  0.004614   0.02467   0.08514        12       640   0.04289   0.09316   0.01111  0.003817   0.09945  0.008397   0.02026
   296/299     19.4G   0.05615  0.004617   0.02454    0.0853        10       640   0.04153   0.09316   0.01147  0.003739    0.0989  0.008463   0.02028
   297/299     19.4G    0.0567   0.00444   0.02481   0.08594        17       640   0.03987   0.09316   0.01124  0.003837   0.09969  0.008378   0.02025
   298/299     19.4G   0.05609  0.004394   0.02479   0.08527         8       640   0.03793   0.09316   0.01083  0.003597   0.09934  0.008514   0.02021
   299/299     19.4G   0.05509  0.004465   0.02473   0.08428        12       640   0.03704   0.09047   0.01078  0.003602   0.09875  0.008495   0.02026
