     0/299     19.6G    0.0829   0.01848   0.02777    0.1291        33       640   0.04385    0.1394  0.005416  0.001065   0.09284   0.01046   0.02161
     1/299     19.4G   0.07985   0.01535   0.02707    0.1223        29       640   0.01449     0.222  0.004921  0.001334   0.09348  0.008725   0.02105
     2/299     19.4G   0.07982   0.01415   0.02638    0.1203        35       640   0.04659   0.01869  0.008846  0.001978   0.09869  0.007588     0.022
     3/299     19.4G   0.07796   0.01394   0.02586    0.1178        37       640   0.01831    0.1263  0.009336  0.001886   0.09828  0.007302   0.02048
     4/299     19.4G   0.07636    0.0136   0.02575    0.1157        41       640    0.6701    0.1144   0.01195   0.00229   0.09568  0.007271   0.02039
     5/299     19.4G   0.07595   0.01393   0.02573    0.1156        36       640    0.6821   0.03922   0.02283  0.005275   0.09853  0.007106   0.02021
     6/299     19.4G   0.07495   0.01366   0.02548    0.1141        35       640   0.00365    0.3984   0.01376  0.003038   0.09755  0.007068   0.02219
     7/299     19.4G   0.07344   0.01436   0.02523     0.113        31       640  0.007161    0.4137   0.01494  0.003152   0.09425  0.007505   0.01982
     8/299     19.4G   0.07218   0.01498   0.02448    0.1116        30       640    0.6768   0.06209   0.01622  0.002839   0.08855  0.008189   0.01871
     9/299     19.4G   0.06976   0.01512   0.02299    0.1079        33       640    0.6911   0.04575   0.01358  0.002381   0.08774  0.008167   0.01741
    10/299     19.4G   0.06999   0.01557   0.02252    0.1081        41       640   0.01986     0.188   0.01423  0.002674   0.08691  0.008358   0.01512
    11/299     19.4G   0.06843   0.01597   0.02091    0.1053        27       640    0.3562    0.1208   0.01347  0.002438    0.0832  0.008902     0.013
    12/299     19.4G    0.0688   0.01605   0.02057    0.1054        27       640      0.37    0.1108    0.0185  0.003647   0.08563  0.008578   0.01398
    13/299     19.4G   0.06808   0.01572   0.01944    0.1032        27       640    0.3819    0.1114    0.0202  0.003599   0.08406  0.008767   0.01435
    14/299     19.4G   0.06685   0.01502   0.02013     0.102        32       640    0.7105   0.07796    0.0353  0.007338   0.08233  0.008776   0.01263
    15/299     19.4G   0.06704    0.0146   0.01966    0.1013        41       640   0.05025    0.3729   0.04206  0.008564    0.0835   0.00847   0.01279
    16/299     19.4G   0.06561   0.01521   0.01931    0.1001        46       640    0.3955    0.2161   0.05716   0.01182   0.08037  0.008323   0.01179
    17/299     19.4G   0.06537   0.01499   0.01845   0.09881        55       640   0.07273    0.3318   0.06785   0.01552   0.08035  0.008455   0.01202
    18/299     19.4G   0.06415   0.01482   0.01824   0.09722        27       640   0.07372    0.3027   0.05968   0.01446   0.08107  0.008892   0.01346
    19/299     19.4G   0.06365   0.01521   0.01802   0.09688        25       640    0.5317    0.2153     0.158   0.04434   0.07723  0.008108   0.01057
    20/299     19.4G   0.06386   0.01493   0.01756   0.09636        35       640    0.7406    0.1504    0.1544   0.03581   0.07901  0.008243   0.01136
    21/299     19.4G   0.06259   0.01495   0.01747   0.09501        52       640   0.09559    0.3738    0.1239   0.02715   0.08121  0.008191    0.0132
    22/299     19.4G   0.06209   0.01488   0.01672   0.09369        35       640    0.6018    0.2624    0.1976   0.05817   0.07424  0.008026   0.01228
    23/299     19.4G   0.06122   0.01447   0.01612   0.09181        26       640    0.6205    0.2105    0.1653   0.04059   0.07818  0.008057   0.01229
    24/299     19.4G   0.06076   0.01522   0.01555   0.09152        37       640    0.6585    0.2136    0.2082   0.05545   0.07515  0.008516   0.01246
    25/299     19.4G   0.06039   0.01456   0.01508   0.09004        31       640    0.6838    0.2617    0.2507   0.06764   0.07817   0.00795   0.01091
    26/299     19.4G   0.05983   0.01446   0.01519   0.08948        29       640    0.6456     0.359    0.3066   0.07669   0.07616  0.007468  0.009645
    27/299     19.4G   0.05904   0.01456   0.01427   0.08787        43       640    0.5705    0.3184    0.1958   0.04689   0.07508   0.01019   0.00766
    28/299     19.4G    0.0584   0.01457   0.01442   0.08738        44       640    0.6924      0.38    0.3362   0.08762   0.07273  0.007593  0.008143
    29/299     19.4G   0.05809   0.01485   0.01372   0.08667        43       640     0.521    0.3823    0.3012    0.0737   0.07282  0.007979  0.009092
    30/299     19.4G   0.05772   0.01455   0.01369   0.08596        30       640    0.7642    0.3201    0.3343   0.08998   0.07184  0.007493  0.006738
    31/299     19.4G   0.05704   0.01411   0.01358   0.08472        30       640    0.7006    0.3625    0.3455    0.1177   0.07044  0.007479  0.007948
    32/299     19.4G   0.05698   0.01453   0.01313   0.08465        52       640    0.6664    0.3913    0.3397    0.0828   0.06986  0.007678   0.00582
    33/299     19.4G   0.05645   0.01448   0.01265   0.08358        37       640     0.651    0.3383    0.2987    0.0812   0.07181  0.007784   0.00572
    34/299     19.4G   0.05673   0.01439    0.0125   0.08362        51       640    0.7126    0.4094    0.3993    0.1167   0.07201  0.007599  0.007376
    35/299     19.4G   0.05612   0.01424    0.0122   0.08256        29       640    0.8309    0.3764    0.4355    0.1395   0.06854  0.007226  0.006182
    36/299     19.4G   0.05552    0.0147    0.0121   0.08232        45       640    0.1881    0.4675    0.1428   0.03704   0.07384   0.01203  0.007323
    37/299     19.4G   0.05512   0.01433   0.01175   0.08119        34       640    0.4221    0.5169      0.43    0.1462   0.06891  0.007185   0.00609
    38/299     19.4G   0.05473   0.01439   0.01163   0.08076        36       640    0.7863    0.3878    0.4279    0.1344    0.0687  0.007393  0.008174
    39/299     19.4G   0.05507   0.01462    0.0111   0.08079        50       640    0.7924    0.4417    0.4463     0.129   0.06944  0.007287  0.007404
    40/299     19.4G   0.05479   0.01442   0.01113   0.08034        26       640    0.4689    0.5122    0.4651    0.1465   0.06814  0.007255  0.005574
    41/299     19.4G   0.05321   0.01423   0.01049   0.07792        42       640    0.2645    0.4844    0.1379   0.03763   0.06919   0.01685   0.00711
    42/299     19.4G   0.05373   0.01421   0.01043   0.07837        31       640    0.5944    0.5381    0.4734    0.1492   0.06633  0.007392  0.007014
    43/299     19.4G   0.05266   0.01435   0.01052   0.07753        21       640    0.4701    0.2745   0.09782   0.02664   0.07762   0.01084   0.01906
    44/299     19.4G   0.05225   0.01424   0.01041    0.0769        26       640    0.8065    0.4353    0.4778     0.128   0.06613   0.00744  0.004503
    45/299     19.4G   0.05202   0.01401   0.01015   0.07617        48       640    0.7843    0.3858    0.4179    0.1214   0.06974  0.007384  0.006514
    46/299     19.4G   0.05295   0.01431   0.01014   0.07739        39       640    0.8083    0.4313    0.4616    0.1325   0.06728  0.007254  0.005843
    47/299     19.4G   0.05191   0.01441  0.009814   0.07614        42       640    0.7768    0.4825    0.5114     0.222   0.06096  0.007132   0.00445
    48/299     19.4G   0.05176   0.01417  0.009193   0.07513        35       640    0.7661    0.3852    0.4277    0.1367   0.06626  0.007675  0.007136
    49/299     19.4G   0.05135   0.01384  0.009406    0.0746        42       640   0.08947    0.4469   0.07923   0.02456   0.07551   0.03162   0.01228
    50/299     19.4G   0.05092   0.01397  0.009714    0.0746        34       640    0.4972    0.4877    0.4724    0.1808   0.06212  0.007269  0.006956
    51/299     19.4G   0.05105   0.01375  0.009343   0.07415        38       640    0.8346     0.445     0.492    0.1916   0.06048  0.007336  0.005603
    52/299     19.4G   0.05078   0.01412  0.009039   0.07395        31       640    0.7276    0.5405     0.421    0.1707   0.05702   0.00738  0.003043
    53/299     19.4G   0.04964   0.01397  0.009117   0.07272        49       640    0.6129    0.5039    0.5107    0.2177   0.06017  0.006815  0.006273
    54/299     19.4G   0.04977   0.01385  0.008512   0.07214        39       640     0.465    0.6096    0.5402    0.2439   0.06132  0.006992  0.005079
    55/299     19.4G   0.04948   0.01375  0.008461   0.07169        35       640    0.7206    0.5226    0.4293    0.1876   0.05708  0.007253  0.005141
    56/299     19.4G   0.04902   0.01409    0.0085   0.07162        39       640    0.7007    0.4619    0.3872    0.1659   0.06054  0.008503  0.004382
    57/299     19.4G   0.04913   0.01384    0.0083   0.07127        32       640    0.2051    0.6657    0.1886     0.077   0.05815   0.01752  0.004424
    58/299     19.4G   0.04921   0.01396  0.008672   0.07184        34       640    0.7953    0.5394    0.5492    0.2505    0.0569  0.007028  0.004521
    59/299     19.4G   0.04873    0.0139  0.007945   0.07058        50       640    0.5586    0.5677    0.5592    0.2525   0.05314  0.007312  0.002407
    60/299     19.4G   0.04827   0.01364  0.007913   0.06983        31       640    0.6301    0.5044    0.5058    0.2303   0.05584  0.007106  0.003953
    61/299     19.4G    0.0481   0.01381  0.007891   0.06979        27       640    0.8808    0.5309     0.592    0.2898   0.05249  0.006795  0.002897
    62/299     19.4G   0.04753    0.0136  0.007729   0.06887        43       640    0.3294    0.4698    0.2732    0.1145   0.06554   0.01908  0.009043
    63/299     19.4G   0.04816   0.01387  0.008154   0.07019        33       640    0.6404    0.5615    0.5481    0.2296   0.05346  0.007034  0.003306
    64/299     19.4G   0.04786   0.01364  0.007842   0.06934        38       640    0.5028    0.5829    0.5607    0.2906   0.05157  0.006893  0.003062
    65/299     19.4G    0.0476   0.01403  0.007554   0.06918        52       640    0.3821    0.5055    0.2861    0.1541   0.06558   0.02056  0.006397
    66/299     19.4G   0.04714   0.01385  0.007487   0.06847        25       640     0.367    0.5963    0.3709    0.1824   0.05312   0.01066  0.002056
    67/299     19.4G   0.04724   0.01421  0.007205   0.06865        53       640    0.6358    0.5715    0.5679    0.2817   0.05089  0.006935  0.003415
    68/299     19.4G    0.0471   0.01383  0.007521   0.06846        22       640    0.6957    0.5609    0.5636    0.2712   0.05439  0.006775  0.002922
    69/299     19.4G   0.04628    0.0139  0.007129    0.0673        38       640    0.4959    0.5104    0.4148    0.2113   0.05441  0.007387  0.002802
    70/299     19.4G   0.04645   0.01365  0.007188   0.06729        21       640    0.5975    0.5788     0.571    0.2952   0.05054  0.006747  0.001673
    71/299     19.4G   0.04708   0.01362  0.007655   0.06835        48       640    0.4994    0.5563    0.5819    0.3163   0.04872  0.006751  0.001567
    72/299     19.4G   0.04675   0.01357  0.006951   0.06727        34       640    0.6871    0.5913    0.5875     0.287   0.05269  0.006563  0.003182
    73/299     19.4G   0.04574   0.01322  0.006842    0.0658        37       640     0.618    0.5633    0.5419    0.2327   0.05364  0.007193  0.002219
    74/299     19.4G   0.04576   0.01376    0.0066   0.06612        25       640    0.6158    0.5519     0.566    0.3118   0.05174  0.006642  0.004403
    75/299     19.4G   0.04512   0.01334  0.006766   0.06522        34       640    0.5635     0.578    0.5714    0.3043   0.04999  0.006444  0.002632
    76/299     19.4G   0.04507   0.01348  0.006688   0.06523        39       640    0.4949    0.5587    0.5498    0.3056   0.05198   0.00676  0.003729
    77/299     19.4G   0.04541   0.01344  0.006512   0.06536        34       640    0.5225    0.6298    0.5403    0.3063   0.04948   0.00662  0.001412
    78/299     19.4G   0.04471   0.01364  0.006354    0.0647        28       640    0.7584    0.5626    0.5812    0.3133   0.04964  0.006864  0.002724
    79/299     19.4G    0.0452   0.01365  0.006534   0.06538        37       640    0.6004    0.6041    0.5969    0.3761   0.04617  0.006661  0.001819
    80/299     19.4G   0.04495   0.01361  0.006351   0.06492        41       640    0.5731    0.5481    0.5622    0.3092   0.05069    0.0068  0.002933
    81/299     19.4G   0.04442   0.01354  0.005958   0.06392        40       640     0.645    0.6087    0.5986    0.3359   0.04714   0.00663    0.0027
    82/299     19.4G    0.0446   0.01358  0.006553   0.06473        32       640     0.445    0.6012    0.4199    0.2433   0.04836   0.00753  0.007705
    83/299     19.4G   0.04503   0.01326  0.006551   0.06484        27       640    0.5278    0.5689    0.4808    0.2376   0.05085  0.006895  0.001615
    84/299     19.4G   0.04476   0.01364  0.006464   0.06486        25       640    0.6453    0.5128    0.3808    0.2096   0.04991  0.008753   0.02698
    85/299     19.4G   0.04447   0.01349  0.006312   0.06427        33       640    0.1622    0.6464    0.1329   0.05897   0.05282   0.01654   0.02012
    86/299     19.4G    0.0439   0.01335   0.00637   0.06362        44       640    0.7218    0.5675    0.5693    0.3395   0.04768  0.006504  0.002918
    87/299     19.4G   0.04404   0.01382  0.006081   0.06394        27       640    0.1968    0.6478    0.2028   0.09741   0.05239  0.008213  0.004919
    88/299     19.4G   0.04401   0.01355  0.005828    0.0634        54       640    0.9056    0.5407    0.6044     0.343    0.0462  0.006429    0.0012
    89/299     19.4G   0.04412   0.01318  0.006136   0.06344        24       640    0.6743    0.6183    0.6073    0.3443   0.04456   0.00645  0.001099
    90/299     19.4G   0.04341   0.01329  0.005427   0.06213        27       640    0.5725    0.6328    0.6046    0.3506   0.04429  0.006736  0.002258
    91/299     19.4G   0.04348   0.01373  0.005791   0.06299        41       640    0.5823    0.6407    0.6155    0.3461   0.04453  0.006482  0.005508
    92/299     19.4G   0.04332   0.01303  0.005764   0.06212        42       640   0.01899    0.4823   0.01186  0.003769   0.08981    0.1734      0.32
    93/299     19.4G   0.04324   0.01322  0.006058   0.06252        32       640    0.5009    0.5963    0.4327    0.2414   0.04661  0.006898  0.001043
    94/299     19.4G    0.0431   0.01371  0.006008   0.06281        27       640    0.5794    0.7075    0.6527    0.3611   0.04554  0.006522  0.001499
    95/299     19.4G   0.04333   0.01357  0.005759   0.06266        39       640    0.6722    0.6257    0.6389    0.3776   0.04349  0.006439   0.00216
    96/299     19.4G   0.04283   0.01322  0.005505   0.06155        38       640    0.5223    0.5876    0.3762    0.2081   0.04986     0.012  0.002565
    97/299     19.4G   0.04236   0.01342  0.005498   0.06127        43       640     0.666    0.6175    0.6384    0.3778   0.04354  0.006222 0.0008472
    98/299     19.4G   0.04244   0.01333   0.00557   0.06134        35       640    0.2671    0.5796    0.1805    0.1014   0.05379   0.03167   0.02232
    99/299     19.4G   0.04146   0.01304  0.005186   0.05969        30       640    0.8512    0.6157    0.6465    0.3924   0.04504  0.006441   0.00188
   100/299     19.4G   0.04192   0.01277  0.005314      0.06        28       640    0.5953    0.6527    0.6205    0.3917   0.04256  0.006257  0.003002
   101/299     19.4G   0.04196   0.01318  0.005375   0.06051        42       640    0.5625    0.5461    0.2993    0.1617   0.04894    0.0186  0.009228
   102/299     19.4G   0.04185   0.01309  0.004948   0.05989        39       640    0.6212     0.657    0.6541    0.3886     0.043  0.006244  0.001123
   103/299     19.4G   0.04181   0.01322  0.005544   0.06057        44       640    0.6607    0.6195    0.6306    0.3916   0.04269  0.006437  0.003054
   104/299     19.4G    0.0418   0.01341  0.005354   0.06056        37       640    0.5516    0.6267    0.5352    0.3199   0.04186  0.006693  0.001306
   105/299     19.4G   0.04178   0.01305  0.005185   0.06002        18       640    0.5662    0.6407    0.6248    0.3707   0.04174  0.006491  0.002102
   106/299     19.4G   0.04209   0.01323   0.00525   0.06057        32       640    0.7522    0.6057    0.6419    0.3949   0.04127  0.006194   0.00235
   107/299     19.4G   0.04164   0.01278   0.00492   0.05933        36       640    0.2521    0.5631    0.1711   0.08012    0.0547   0.06093   0.02396
   108/299     19.4G   0.04194   0.01306  0.004973   0.05997        33       640    0.3871    0.6244    0.3538    0.1971   0.04285  0.008936 0.0009253
   109/299     19.4G   0.04193   0.01321  0.005067    0.0602        38       640    0.6319    0.6536    0.6502    0.3954   0.04204  0.006486  0.002504
   110/299     19.4G   0.04158   0.01327  0.004988   0.05984        37       640    0.7603    0.5686    0.6251    0.3824   0.04099  0.006435  0.002647
   111/299     19.4G   0.04115   0.01295  0.005024   0.05913        47       640    0.6308    0.6459    0.6407    0.4157   0.03897  0.006341 0.0006681
   112/299     19.4G   0.04079    0.0131  0.004861   0.05875        35       640    0.6865    0.6593    0.6558    0.4183   0.03873  0.006298  0.001222
   113/299     19.4G   0.04104   0.01307  0.004952   0.05906        32       640    0.6336    0.6706    0.6489    0.3845   0.04044  0.006391  0.002316
   114/299     19.4G   0.04166   0.01328  0.005025   0.05997        29       640    0.6349    0.6842    0.6519    0.4151   0.03865  0.006603 0.0008307
   115/299     19.4G   0.04069   0.01285  0.004981   0.05852        48       640    0.6135    0.7007      0.67    0.4058   0.04032  0.006244  0.001221
   116/299     19.4G   0.04097   0.01309  0.004499   0.05856        34       640    0.2407    0.6614    0.2466    0.1359    0.0497   0.01826  0.003583
   117/299     19.4G   0.04103   0.01299  0.005041   0.05906        35       640    0.6132    0.6263    0.6389    0.4024   0.03948  0.006354  0.002899
   118/299     19.4G   0.04048   0.01285  0.004738   0.05807        30       640     0.662     0.661    0.6138    0.3986    0.0387  0.006366 0.0007742
   119/299     19.4G   0.04079   0.01303  0.004676    0.0585        34       640    0.6973    0.6845    0.6659    0.4194   0.03879  0.006211  0.001576
   120/299     19.4G   0.04041   0.01301  0.004707   0.05813        34       640    0.6956    0.6773    0.6906     0.413   0.03907  0.006181  0.001422
   121/299     19.4G   0.03971   0.01291  0.004732   0.05735        26       640    0.6789    0.6468    0.6663    0.4267   0.03797  0.006304  0.001681
   122/299     19.4G   0.04024   0.01299  0.004707   0.05794        34       640    0.5796    0.7432    0.6582     0.412   0.03815  0.006251  0.001866
   123/299     19.4G   0.04038   0.01315  0.004621   0.05814        34       640    0.6885    0.6671    0.6454    0.3712   0.04146  0.006382  0.002384
   124/299     19.4G   0.04002   0.01301  0.004682    0.0577        38       640    0.6097    0.6909    0.6684    0.4228   0.03952   0.00627  0.001388
   125/299     19.4G   0.03963   0.01283   0.00446   0.05692        31       640    0.6401    0.6989    0.6899    0.4411   0.04091  0.006051  0.002284
   126/299     19.4G   0.03938   0.01242  0.004285   0.05608        40       640    0.2163    0.5367    0.1668   0.08247   0.05602   0.05753    0.1358
   127/299     19.4G   0.03933   0.01252  0.004474   0.05633        28       640    0.2363    0.6586    0.2242    0.1098   0.05037   0.01814   0.03923
   128/299     19.4G   0.03993   0.01259  0.004376    0.0569        38       640    0.5728    0.7002    0.6502     0.418   0.03888   0.00613   0.00248
   129/299     19.4G   0.03993   0.01303  0.004651   0.05762        28       640    0.6505    0.6583    0.6581    0.4467   0.03774  0.006104 0.0005542
   130/299     19.4G   0.03936    0.0127  0.004207   0.05627        32       640    0.6389    0.6672    0.6627    0.4391   0.03927  0.006128  0.002083
   131/299     19.4G   0.03912    0.0128  0.004565   0.05648        31       640    0.6377    0.6737    0.6593     0.434    0.0376  0.006095 0.0007745
   132/299     19.4G   0.03994   0.01254  0.004544   0.05702        50       640    0.6316    0.6325     0.642    0.4216   0.03819   0.00608 0.0005679
   133/299     19.4G   0.03912    0.0126  0.004236   0.05595        26       640    0.6254    0.6518    0.6569    0.4282   0.03672  0.006282  0.001786
   134/299     19.4G   0.03906   0.01312  0.004238   0.05642        37       640    0.2224    0.6264    0.1509   0.06895   0.04691   0.01307   0.04065
   135/299     19.4G   0.03935   0.01293  0.004742   0.05703        47       640    0.6512    0.6443    0.5638    0.3736   0.03733  0.006164  0.001101
   136/299     19.4G   0.03925   0.01289  0.004278   0.05642        30       640    0.6943    0.6474    0.6732    0.4404   0.03927  0.006089  0.002722
   137/299     19.4G   0.03871   0.01273  0.004243   0.05568        56       640    0.5696    0.6493    0.5326    0.3352   0.03782  0.006412   0.00136
   138/299     19.4G   0.03966     0.013  0.005016   0.05768        39       640    0.6531    0.6703    0.6605    0.3913   0.03978  0.006206   0.00326
   139/299     19.4G   0.03948   0.01301  0.004618   0.05711        48       640    0.5456    0.6925    0.5867    0.3795   0.03762  0.006374  0.001465
   140/299     19.4G   0.03933   0.01265  0.004336   0.05631        25       640    0.5955    0.6858    0.6144    0.3999   0.03804  0.006394  0.001925
   141/299     19.4G    0.0389   0.01299   0.00443   0.05632        28       640    0.6074    0.6546    0.6387    0.4314    0.0381  0.006029  0.000717
   142/299     19.4G   0.03881   0.01264  0.004006   0.05546        21       640    0.6463    0.6598    0.6602    0.4426   0.03766  0.006127  0.001304
   143/299     19.4G   0.03947   0.01292  0.004204   0.05659        58       640    0.6295    0.6945    0.6598    0.4073   0.03903  0.005933  0.002754
   144/299     19.4G   0.03874   0.01263  0.004108   0.05547        32       640    0.6482    0.7197    0.6809     0.447   0.03588  0.006203 0.0004051
   145/299     19.4G   0.03915   0.01264  0.004089   0.05587        34       640   0.09349    0.6957     0.102   0.05524   0.04908   0.04392   0.01014
   146/299     19.4G   0.03851   0.01269  0.004009   0.05521        31       640    0.6469      0.72    0.6946    0.4533    0.0378  0.005803  0.001058
   147/299     19.4G   0.03824   0.01244  0.003806   0.05448        25       640    0.6341    0.7445    0.6756    0.4426   0.03856  0.005978  0.001542
   148/299     19.4G   0.03824   0.01277  0.003889    0.0549        36       640    0.6284    0.7006    0.6735    0.4294   0.03855  0.006049  0.001703
   149/299     19.4G   0.03837   0.01269  0.004409   0.05547        35       640    0.6567    0.6877    0.6532    0.4304    0.0382  0.006203  0.001474
   150/299     19.4G   0.03989   0.01293  0.004681   0.05751        40       640    0.6346    0.6677    0.6538    0.3716   0.03988  0.006369 0.0009231
   151/299     19.4G   0.03938     0.013  0.005293   0.05768        33       640    0.6362    0.6737    0.6275    0.3679   0.04008  0.006345  0.001499
   152/299     19.4G   0.03924     0.013  0.004554    0.0568        40       640    0.5618    0.6946    0.6362    0.4042   0.03748  0.006143 0.0009651
   153/299     19.4G   0.03924    0.0126  0.004451   0.05629        54       640    0.6196    0.6907    0.6146    0.3717   0.03845  0.006372 0.0006337
   154/299     19.4G   0.03813   0.01267  0.004128   0.05493        45       640    0.6404    0.6525    0.6605    0.3774    0.0397  0.006351  0.001374
   155/299     19.4G   0.03814    0.0126  0.004006   0.05475        33       640    0.6827    0.6372     0.654     0.422   0.03716  0.006119 0.0009262
   156/299     19.4G   0.03731    0.0124  0.003823   0.05353        25       640    0.6418     0.683    0.6626    0.4248   0.03639  0.006044 0.0003143
   157/299     19.4G   0.03767   0.01233  0.004031   0.05403        45       640    0.6335    0.6837    0.6258    0.4069   0.03691  0.006222 0.0005469
   158/299     19.4G   0.03772   0.01263  0.003934   0.05428        40       640    0.6397    0.6987    0.6812     0.427   0.03718  0.006009 0.0009313
   159/299     19.4G   0.03777   0.01263   0.00356   0.05396        36       640    0.6569    0.6771    0.6625    0.4004   0.03843  0.006242  0.001779
   160/299     19.4G   0.03765   0.01274  0.003765   0.05416        31       640    0.6814    0.6603    0.6682    0.4104   0.03926  0.006135  0.002418
   161/299     19.4G   0.03767   0.01272  0.003957   0.05435        42       640    0.6328    0.7023    0.6791    0.4564   0.03461  0.005964 0.0006116
   162/299     19.4G   0.03749   0.01222  0.003819   0.05353        41       640     0.714    0.6533    0.6889     0.461   0.03427  0.005924 0.0003807
   163/299     19.4G   0.03777   0.01218  0.003829   0.05378        73       640     0.693    0.7048    0.6801    0.4668   0.03396  0.005904 0.0004823
   164/299     19.4G   0.03755   0.01263  0.003875   0.05406        37       640    0.6689    0.7173    0.6902    0.4568   0.03707   0.00597  0.001625
   165/299     19.4G   0.03747   0.01283  0.003858   0.05416        27       640    0.6446    0.7246    0.6832    0.4535   0.03632  0.005965   0.00106
   166/299     19.4G   0.03678    0.0122  0.003361   0.05234        29       640    0.6862     0.661    0.6661    0.4575   0.03417  0.005927 0.0006015
   167/299     19.4G   0.03723   0.01246  0.004054   0.05374        26       640    0.7106    0.6664    0.6621    0.4334   0.03631  0.006092 0.0008147
   168/299     19.4G   0.03694   0.01229  0.003736   0.05297        39       640    0.6632    0.6839    0.6659    0.4464   0.03615  0.005937    0.0013
   169/299     19.4G   0.03706   0.01223  0.003683   0.05297        41       640    0.6627     0.712    0.6892    0.4525    0.0364  0.005957  0.001282
   170/299     19.4G   0.03669   0.01248  0.003425   0.05259        30       640    0.7086    0.6753    0.6893    0.4572   0.03425  0.006002  0.000788
   171/299     19.4G   0.03685   0.01228  0.003549   0.05267        26       640    0.7234    0.6682    0.6888    0.4569   0.03684  0.005983  0.001524
   172/299     19.4G   0.03695   0.01212  0.003321   0.05239        26       640    0.7164    0.6787    0.6985    0.4678   0.03439  0.006034  0.001146
   173/299     19.4G   0.03657   0.01245   0.00325   0.05227        22       640    0.6843    0.6885    0.7176    0.4567   0.03501  0.006014  0.001295
   174/299     19.4G   0.03703    0.0123  0.003343   0.05267        39       640    0.6113    0.7377    0.6776    0.4548   0.03508  0.006028 0.0003327
   175/299     19.4G   0.03649   0.01226  0.003308   0.05205        41       640    0.6338    0.7416    0.6792    0.4605   0.03513  0.005911  0.001901
   176/299     19.4G   0.03685   0.01248  0.003211   0.05254        41       640    0.6735    0.7279     0.702    0.4672   0.03445  0.005738 0.0009878
   177/299     19.4G   0.03619   0.01233  0.003288   0.05181        37       640    0.6399    0.7624    0.6929    0.4549   0.03449   0.00576 0.0005775
   178/299     19.4G   0.03644   0.01237  0.003434   0.05225        35       640    0.6565    0.7075    0.6762    0.4563   0.03477  0.005881   0.00148
   179/299     19.4G   0.03604   0.01196  0.003199    0.0512        31       640    0.6798    0.7245    0.6856    0.4639   0.03381  0.005964  0.001628
   180/299     19.4G   0.03633    0.0124  0.003704   0.05243        50       640    0.5023    0.7338    0.5343    0.3424   0.03348  0.006643 0.0004284
   181/299     19.4G   0.03607   0.01196  0.003348   0.05137        35       640    0.6199    0.7419    0.6791    0.4676    0.0327  0.006037 0.0007555
   182/299     19.4G    0.0358   0.01217  0.003234   0.05121        34       640    0.6337    0.7722     0.691    0.4848   0.03243  0.005913 0.0007026
   183/299     19.4G   0.03632   0.01226  0.003601   0.05217        26       640    0.6552    0.7385    0.6825    0.4619   0.03393  0.005957   0.00154
   184/299     19.4G   0.03641    0.0125  0.003296    0.0522        35       640     0.648    0.7275    0.6915    0.4661   0.03403  0.005921 0.0008231
   185/299     19.4G   0.03524   0.01201  0.003186   0.05044        51       640    0.6938    0.7185    0.6958    0.4719   0.03236   0.00579 0.0004748
   186/299     19.4G   0.03585   0.01222  0.003455   0.05152        33       640    0.6456    0.7677    0.6933    0.4621   0.03344  0.005865 0.0009696
   187/299     19.4G   0.03581   0.01194  0.003176   0.05093        29       640    0.6793    0.7002    0.6909    0.4542   0.03383  0.005955 0.0009694
   188/299     19.4G   0.03589   0.01203  0.003142   0.05106        35       640    0.6851    0.7385    0.6935    0.4669   0.03324  0.005746 0.0008569
   189/299     19.4G   0.03513   0.01191  0.002925   0.04997        33       640    0.6589    0.7385    0.6855    0.4598   0.03415  0.005892 0.0007467
   190/299     19.4G   0.03599   0.01206  0.003239   0.05129        29       640    0.7064    0.7161    0.6974    0.4808   0.03246   0.00587  0.001353
   191/299     19.4G   0.03592   0.01224  0.003225   0.05139        46       640    0.6718    0.7291    0.7128    0.4827   0.03228  0.005889 0.0009277
   192/299     19.4G   0.03543   0.01238   0.00322   0.05102        31       640    0.6424    0.7442    0.6889    0.4704   0.03209  0.006058  0.001406
   193/299     19.4G   0.03533   0.01195  0.003326    0.0506        30       640    0.7026    0.7512    0.7413    0.4871   0.03242  0.006004 0.0004656
   194/299     19.4G   0.03555   0.01202  0.003188   0.05076        35       640    0.6252    0.7245    0.6679    0.4506   0.03353  0.006118 0.0004775
   195/299     19.4G   0.03534   0.01198  0.003035   0.05035        38       640    0.7166    0.6911    0.7074    0.4811   0.03215  0.006031 0.0003816
   196/299     19.4G   0.03533   0.01205   0.00294   0.05033        30       640    0.6407    0.7445     0.691    0.4602   0.03204  0.005845 0.0009729
   197/299     19.4G   0.03491   0.01195  0.002864   0.04972        27       640    0.6825    0.7144    0.6917    0.4629   0.03311  0.005925  0.001428
   198/299     19.4G   0.03555   0.01208  0.003073    0.0507        35       640    0.6918    0.7177    0.7008    0.4761   0.03315  0.005887  0.001292
   199/299     19.4G   0.03536   0.01192  0.003083   0.05037        30       640    0.7148    0.7036    0.7098    0.4834   0.03206  0.005865 0.0009013
   200/299     19.4G   0.03526   0.01202  0.003248   0.05053        33       640     0.697    0.7143    0.7164    0.4884   0.03191  0.005875 0.0003971
   201/299     19.4G   0.03494   0.01223  0.003139   0.05031        42       640    0.6501    0.7683     0.713    0.4795   0.03185  0.005964 0.0004938
   202/299     19.4G   0.03502   0.01161  0.002886   0.04951        34       640    0.6626    0.7082    0.6945    0.4729   0.03285  0.005971 0.0009245
   203/299     19.4G    0.0351   0.01227  0.003225    0.0506        37       640     0.699    0.7496    0.7074    0.4639   0.03297  0.005953 0.0009984
   204/299     19.4G   0.03496   0.01214  0.002899      0.05        41       640    0.7187    0.7267    0.7179    0.4701   0.03255  0.005973 0.0008987
   205/299     19.4G   0.03468    0.0119  0.002752   0.04933        47       640    0.6601    0.7545    0.7116    0.4834   0.03233  0.005933  0.001301
   206/299     19.4G   0.03509     0.012   0.00296   0.05005        47       640    0.6926    0.7751    0.7144    0.4745   0.03228  0.005903  0.001545
   207/299     19.4G   0.03452   0.01197  0.002996   0.04948        20       640    0.6618    0.7644    0.7302    0.4896   0.03173  0.005803 0.0004263
   208/299     19.4G   0.03501   0.01192  0.002989   0.04992        34       640    0.6529    0.7273    0.6914     0.462   0.03103  0.005929 0.0002922
   209/299     19.4G   0.03438   0.01168  0.002779   0.04884        43       640    0.6721    0.7343    0.7056    0.4769   0.03031  0.005885 0.0005151
   210/299     19.4G   0.03425   0.01186  0.002874   0.04898        35       640    0.6917    0.7032    0.7146    0.4754   0.03084  0.005983 0.0007281
   211/299     19.4G   0.03437   0.01177  0.002922   0.04906        31       640    0.6539    0.7253    0.6973    0.4766   0.03102  0.005932 0.0007139
   212/299     19.4G   0.03488   0.01199  0.002974   0.04984        29       640    0.7205    0.6903    0.7165    0.4798   0.03094  0.005819 0.0004637
   213/299     19.4G   0.03455   0.01185     0.003   0.04941        41       640    0.7102    0.6842    0.6998    0.4714   0.03175  0.005966 0.0009906
   214/299     19.4G     0.034   0.01151   0.00286   0.04838        40       640    0.7312    0.6883    0.7126    0.4838   0.03167  0.005913  0.001315
   215/299     19.4G   0.03448    0.0119   0.00284   0.04922        31       640    0.7099    0.7072    0.7072    0.4894   0.03097  0.005937 0.0003319
   216/299     19.4G   0.03368    0.0118  0.002863   0.04835        30       640    0.7076    0.6905    0.7005    0.4711    0.0324  0.005988 0.0003834
   217/299     19.4G   0.03476   0.01195  0.003167   0.04988        38       640    0.7075    0.6937    0.7091    0.4783   0.03137   0.00589  0.001089
   218/299     19.4G   0.03423   0.01179  0.002797   0.04882        26       640    0.6914    0.7479    0.7185    0.4941   0.03072  0.005831  0.001061
   219/299     19.4G   0.03392   0.01184  0.002586   0.04835        27       640    0.7072    0.7069    0.6857    0.4839   0.03013  0.005807 0.0003402
   220/299     19.4G   0.03405   0.01215  0.002844   0.04905        23       640    0.7325    0.7063    0.7028    0.4927   0.03025  0.005847  0.001191
   221/299     19.4G   0.03445   0.01212  0.003013   0.04958        41       640     0.767    0.6966    0.7109    0.4847   0.03031  0.005869 0.0007087
   222/299     19.4G    0.0342   0.01181  0.002938   0.04895        33       640    0.7362    0.7075    0.7132    0.4877   0.03017  0.005857 0.0006476
   223/299     19.4G   0.03388   0.01209  0.002715   0.04868        41       640    0.7164    0.7133    0.7118    0.4772   0.03125  0.005893  0.001766
   224/299     19.4G   0.03387    0.0119  0.002824    0.0486        41       640    0.6844    0.7524    0.7122    0.4899   0.03071  0.005907 0.0004427
   225/299     19.4G   0.03412   0.01179  0.002897   0.04881        44       640    0.7232    0.7252    0.7182    0.4892   0.03159  0.005847 0.0006336
   226/299     19.4G   0.03414   0.01175    0.0029   0.04879        32       640    0.7016    0.7146    0.7099    0.4866   0.03138   0.00588 0.0007073
   227/299     19.4G   0.03373    0.0118  0.002798   0.04833        36       640    0.7467    0.7088    0.7174    0.4971   0.03113  0.005759 0.0004094
   228/299     19.4G   0.03355   0.01177  0.002651   0.04798        24       640    0.7263    0.7174     0.717     0.491   0.03036   0.00591 0.0004908
   229/299     19.4G   0.03359   0.01202   0.00287   0.04847        30       640    0.7077    0.7266    0.7241    0.4883    0.0303  0.005817 0.0003268
   230/299     19.4G   0.03393   0.01179  0.002667   0.04839        34       640    0.6639     0.771    0.7239    0.5004   0.02923  0.005841 0.0003031
   231/299     19.4G   0.03381   0.01186  0.002559   0.04823        40       640    0.8119    0.6645    0.7115    0.4898   0.02988  0.006019 0.0003047
   232/299     19.4G   0.03362   0.01187  0.002624   0.04812        32       640    0.6909    0.7214    0.7179    0.5018   0.02954  0.005902 0.0003554
   233/299     19.4G   0.03348   0.01173  0.002709   0.04792        36       640    0.7169    0.7075    0.7131    0.5068   0.03026   0.00595   0.00038
   234/299     19.4G   0.03358   0.01154  0.002559   0.04767        31       640    0.7495    0.6984    0.7118    0.5106   0.02952  0.005915 0.0003629
   235/299     19.4G    0.0329   0.01154   0.00266    0.0471        32       640     0.694    0.7357    0.7198    0.5107   0.02928  0.005918 0.0004353
   236/299     19.4G   0.03315   0.01177  0.002518   0.04744        22       640     0.695     0.765    0.7304    0.5104   0.02947  0.005878 0.0004758
   237/299     19.4G   0.03328   0.01155  0.002531   0.04736        44       640    0.6885    0.7385    0.7187    0.5075   0.02946   0.00581 0.0004523
   238/299     19.4G   0.03295   0.01159  0.002404   0.04694        47       640    0.7031    0.7465    0.7173    0.5064   0.02894  0.005893 0.0004891
   239/299     19.4G   0.03334   0.01172  0.002745    0.0478        34       640    0.6859    0.7503    0.7068     0.495   0.02987   0.00579 0.0004312
   240/299     19.4G   0.03342    0.0114    0.0025   0.04732        39       640    0.7123     0.732    0.7187    0.5107   0.02932  0.005838 0.0006507
   241/299     19.4G     0.033   0.01151   0.00277   0.04728        35       640    0.7199    0.7224    0.7178    0.5024   0.02899  0.005837  0.001153
   242/299     19.4G   0.03311   0.01158  0.002643   0.04733        31       640    0.7215     0.732    0.7159    0.5022   0.02935  0.005862 0.0006417
   243/299     19.4G   0.03284   0.01154   0.00246   0.04684        29       640    0.7545    0.7347    0.7278    0.5085   0.02966  0.005763 0.0005418
   244/299     19.4G    0.0328   0.01149  0.002714     0.047        44       640    0.7494    0.7303     0.722    0.5087   0.02868   0.00579 0.0004606
   245/299     19.4G   0.03281   0.01144   0.00263   0.04689        46       640     0.778    0.7254    0.7347    0.5214   0.02915  0.005694 0.0007343
   246/299     19.4G     0.033    0.0115   0.00256   0.04707        33       640    0.7456    0.7209    0.7291    0.5245   0.02823  0.005707 0.0004895
   247/299     19.4G   0.03236   0.01168  0.002447   0.04649        29       640    0.7223    0.7352    0.7204    0.5116   0.02885  0.005708 0.0004238
   248/299     19.4G   0.03287   0.01197  0.002505   0.04735        43       640      0.73    0.7329    0.7172    0.5107   0.02861  0.005752 0.0004432
   249/299     19.4G   0.03223   0.01158  0.002338   0.04615        57       640    0.7337    0.7347    0.7166    0.5059   0.02871  0.005784 0.0005287
   250/299     19.4G   0.03271   0.01175  0.002451   0.04691        37       640    0.7368    0.7215    0.7075    0.5048   0.02887  0.005768 0.0007698
   251/299     19.4G   0.03226    0.0115  0.002404   0.04616        34       640    0.7495    0.7186    0.7084    0.4994   0.02932  0.005842  0.001197
   252/299     19.4G   0.03249    0.0114  0.002355   0.04624        31       640    0.6997    0.7563    0.7094    0.4962   0.02902  0.005751  0.001059
   253/299     19.4G   0.03256   0.01166  0.002526   0.04675        37       640    0.6996    0.7464    0.7076    0.4988   0.02929  0.005893 0.0007781
   254/299     19.4G   0.03213   0.01131   0.00259   0.04603        25       640    0.7349    0.7161    0.7131    0.5036   0.02925  0.005855  0.000644
   255/299     19.4G   0.03212   0.01142  0.002522   0.04607        34       640    0.7198    0.7246    0.7112    0.5016   0.02873  0.005808 0.0004561
   256/299     19.4G   0.03242    0.0116  0.002532   0.04655        34       640    0.7241    0.7161    0.7143    0.5036   0.02968  0.005856 0.0004529
   257/299     19.4G   0.03201   0.01162  0.002549   0.04617        40       640    0.7135    0.7491    0.7174    0.5095   0.02898   0.00573 0.0003569
   258/299     19.4G   0.03222   0.01127   0.00234   0.04583        39       640    0.7273     0.749    0.7312    0.5154   0.02919  0.005726 0.0004225
   259/299     19.4G   0.03197   0.01152  0.002394   0.04588        47       640    0.7322    0.7297    0.7233    0.5105   0.02892  0.005651 0.0003372
   260/299     19.4G   0.03296   0.01182  0.002663   0.04745        21       640    0.7537    0.7302    0.7279    0.5161   0.02936  0.005667 0.0003778
   261/299     19.4G   0.03211   0.01147  0.002325    0.0459        48       640    0.7128    0.7444    0.7283     0.519   0.02843    0.0056 0.0003878
   262/299     19.4G   0.03211   0.01148  0.002456   0.04605        32       640    0.7196    0.7511    0.7193    0.5137   0.02885  0.005702 0.0006501
   263/299     19.4G    0.0321   0.01167  0.002423   0.04619        29       640    0.7369    0.7486    0.7248    0.5222    0.0276  0.005614 0.0003659
   264/299     19.4G   0.03205    0.0113  0.002431   0.04579        37       640    0.7452    0.7022    0.7164    0.5183   0.02814  0.005814 0.0004886
   265/299     19.4G   0.03208   0.01151  0.002447   0.04604        30       640    0.6964    0.7379    0.7125    0.5164   0.02839   0.00573 0.0004524
   266/299     19.4G   0.03196   0.01134  0.002445   0.04575        39       640    0.7299    0.6989    0.7106    0.5098   0.02788  0.005805 0.0003873
   267/299     19.4G   0.03185   0.01135  0.002153   0.04535        30       640    0.7345    0.6988    0.7061    0.5083     0.028  0.005796 0.0004879
   268/299     19.4G   0.03163   0.01121  0.002162   0.04501        38       640    0.7319    0.7236    0.7121      0.51   0.02831  0.005945 0.0007196
   269/299     19.4G   0.03231   0.01169  0.002489   0.04649        44       640    0.7198    0.7236    0.7108    0.5127   0.02804  0.005781 0.0005839
   270/299     19.4G   0.03184   0.01144  0.002462   0.04575        32       640    0.7132    0.7158     0.713    0.5136   0.02765  0.005824 0.0007676
   271/299     19.4G   0.03145   0.01131  0.002238     0.045        31       640     0.697    0.7339    0.7112    0.5163   0.02806  0.005843 0.0005886
   272/299     19.4G   0.03154   0.01145  0.002227   0.04522        33       640    0.7303    0.7088    0.7223    0.5237   0.02698  0.005737 0.0005969
   273/299     19.4G   0.03171   0.01138  0.002319    0.0454        36       640    0.7304    0.7219    0.7202    0.5248   0.02749  0.005698 0.0006232
   274/299     19.4G   0.03191   0.01133  0.002296   0.04553        36       640    0.7365    0.7136    0.7265    0.5238   0.02763  0.005771 0.0007588
   275/299     19.4G   0.03157   0.01137  0.002032   0.04497        33       640    0.7567    0.7017    0.7255    0.5236   0.02757  0.005748 0.0007684
   276/299     19.4G   0.03162   0.01136  0.002389   0.04537        36       640    0.7225    0.7236    0.7346    0.5299   0.02808  0.005808 0.0007634
   277/299     19.4G   0.03185   0.01165   0.00249   0.04599        43       640    0.6839    0.7566    0.7322    0.5274   0.02796   0.00568 0.0006383
   278/299     19.4G   0.03126    0.0113  0.002378   0.04494        33       640    0.7119    0.7271    0.7243    0.5234   0.02736  0.005655 0.0006518
   279/299     19.4G   0.03156    0.0115  0.002396   0.04546        25       640    0.6757    0.7471    0.7227    0.5144   0.02857  0.005731 0.0008337
   280/299     19.4G   0.03165   0.01142  0.002156   0.04523        47       640    0.7135    0.7385    0.7248     0.516   0.02849  0.005716 0.0007517
   281/299     19.4G   0.03214   0.01161  0.002364   0.04611        29       640    0.7044    0.7385    0.7213    0.5172   0.02806  0.005777 0.0004358
   282/299     19.4G   0.03184   0.01138  0.002321   0.04555        41       640    0.7264    0.7323    0.7231    0.5176   0.02766  0.005755 0.0004371
   283/299     19.4G   0.03205   0.01134  0.002141   0.04553        32       640    0.7335    0.7214    0.7264    0.5174   0.02802  0.005835 0.0006746
   284/299     19.4G   0.03167   0.01111  0.002383   0.04517        36       640    0.7334    0.7265    0.7314    0.5203   0.02751  0.005718 0.0005272
   285/299     19.4G   0.03181   0.01108  0.002443   0.04533        42       640    0.7039    0.7491     0.727    0.5218    0.0289  0.005703 0.0005764
   286/299     19.4G   0.03117    0.0112  0.002123   0.04448        29       640    0.7255    0.7443    0.7266    0.5143   0.02842  0.005801 0.0006073
   287/299     19.4G   0.03123   0.01112  0.002362   0.04472        28       640    0.7162    0.7459    0.7335    0.5176   0.02802  0.005885 0.0006062
   288/299     19.4G   0.03097    0.0111  0.002074   0.04414        30       640    0.6842    0.7544    0.7342    0.5238   0.02771  0.005728 0.0004455
   289/299     19.4G   0.03119   0.01126  0.002429   0.04488        37       640    0.7107    0.7306    0.7361    0.5268   0.02783  0.005793  0.000582
   290/299     19.4G    0.0311   0.01113  0.002283   0.04451        36       640     0.714    0.7385    0.7358    0.5267     0.028   0.00579 0.0004941
   291/299     19.4G   0.03099   0.01092  0.002004   0.04391        34       640    0.7175    0.7385     0.734    0.5265   0.02781   0.00575 0.0005196
   292/299     19.4G     0.031   0.01103  0.002241   0.04427        21       640    0.6889    0.7317    0.7317    0.5233    0.0275  0.005889 0.0004958
   293/299     19.4G    0.0311   0.01123  0.002251   0.04458        36       640    0.6912    0.7358    0.7284    0.5228    0.0282  0.005794 0.0004928
   294/299     19.4G   0.03089   0.01119  0.002236   0.04431        43       640     0.674    0.7358     0.733    0.5246   0.02805  0.005791 0.0004599
   295/299     19.4G   0.03113   0.01098  0.002012   0.04412        24       640    0.6896    0.7437    0.7362    0.5274   0.02712  0.005686 0.0004026
   296/299     19.4G   0.03096    0.0112  0.002095   0.04425        31       640    0.6844      0.75    0.7323    0.5255    0.0281  0.005683 0.0003982
   297/299     19.4G   0.03106   0.01146  0.002391   0.04491        39       640    0.6887    0.7432    0.7292    0.5251   0.02792  0.005731 0.0004252
   298/299     19.4G   0.03133   0.01098  0.002101   0.04441        35       640    0.6863    0.7581    0.7311    0.5254   0.02756  0.005801 0.0004552
   299/299     19.4G   0.03096   0.01119  0.002236   0.04438        33       640    0.6867    0.7554    0.7372    0.5278   0.02768  0.005685 0.0003909
