     0/399     19.6G   0.08581   0.01747   0.02772     0.131        26       640  0.002635    0.5421  0.003127 0.0004557   0.09344   0.01031   0.02171
     1/399     19.4G   0.08235    0.0141   0.02688    0.1233        22       640  0.002999    0.2125  0.002754  0.000483    0.0978  0.008559    0.0226
     2/399     19.4G   0.08209   0.01281   0.02614     0.121        31       640    0.3554     0.016  0.005655  0.001005   0.09885  0.007506   0.02277
     3/399     19.4G   0.08128   0.01238   0.02571    0.1194        36       640  0.005499     0.367  0.006245  0.001002    0.1011  0.006855   0.02553
     4/399     19.4G   0.08082   0.01172   0.02523    0.1178        34       640    0.3715   0.02381   0.01185  0.002155   0.09812  0.006823   0.02058
     5/399     19.4G   0.07956   0.01208   0.02488    0.1165        35       640   0.01478    0.3616   0.01042  0.001998    0.1004  0.006711   0.02137
     6/399     19.4G   0.07781   0.01232   0.02454    0.1147        36       640   0.02356    0.1263   0.01062  0.002001   0.09743   0.00706   0.02411
     7/399     19.4G   0.07647   0.01274   0.02312    0.1123        25       640  0.008682    0.1529  0.007138  0.001237   0.09987  0.006999   0.02409
     8/399     19.4G   0.07485   0.01335   0.02133    0.1095        25       640    0.3599    0.1174   0.01754  0.004149   0.09114  0.007885   0.01448
     9/399     19.4G   0.07207   0.01328   0.01952    0.1049        30       640    0.6802   0.04301   0.01219  0.002346   0.08229  0.009207   0.02627
    10/399     19.4G   0.06953   0.01408   0.01905    0.1027        35       640    0.4099    0.1546   0.04381   0.01117   0.08637  0.008473   0.01569
    11/399     19.4G   0.06727   0.01399   0.01794   0.09919        21       640    0.3964    0.2598      0.06   0.01573   0.08051  0.008578   0.01149
    12/399     19.4G   0.06552   0.01402   0.01723   0.09677        26       640    0.4301    0.2777   0.09697   0.03006   0.07833  0.008269   0.01221
    13/399     19.4G   0.06296   0.01408   0.01626    0.0933        25       640    0.5651    0.1442   0.09557   0.03442   0.07444  0.009381   0.01842
    14/399     19.4G   0.06167   0.01351   0.01654   0.09172        24       640      0.56    0.3003    0.2332   0.09864   0.07035  0.008283     0.011
    15/399     19.4G   0.05937   0.01326   0.01545   0.08809        32       640    0.6426    0.2205     0.233   0.09387   0.07212  0.007964  0.009973
    16/399     19.4G   0.05859    0.0137   0.01459   0.08687        42       640    0.6213    0.3873    0.3254    0.1391   0.06549  0.008149  0.008465
    17/399     19.4G   0.05658   0.01352   0.01364   0.08373        49       640    0.7199    0.3189    0.3676    0.1608   0.06688  0.007974   0.00879
    18/399     19.4G   0.05524   0.01336   0.01288   0.08148        20       640    0.7627    0.3768    0.4163     0.209   0.05717  0.007873  0.007742
    19/399     19.4G   0.05469   0.01337   0.01236   0.08042        24       640    0.7185    0.3777    0.3884    0.1983   0.05579  0.008039   0.00787
    20/399     19.4G   0.05372   0.01322   0.01125   0.07819        32       640    0.7229    0.3773    0.3855    0.1989   0.05851  0.007668   0.00777
    21/399     19.4G   0.05185   0.01303   0.01083   0.07571        41       640    0.7483    0.3832    0.4108    0.2121   0.05257  0.007984   0.00646
    22/399     19.4G   0.05115   0.01277   0.01016   0.07408        29       640     0.837    0.4164     0.462    0.2301    0.0515  0.007708  0.004755
    23/399     19.4G   0.05024   0.01246   0.00921   0.07191        24       640    0.8669    0.2414    0.3687    0.1911   0.05307   0.00893   0.01395
    24/399     19.4G   0.05014   0.01282  0.009056   0.07201        37       640     0.826    0.4215    0.4697    0.2638   0.05191  0.007566  0.006485
    25/399     19.4G   0.04922   0.01227  0.008936   0.07043        26       640    0.8206    0.4983    0.5143    0.3039   0.05215  0.007029  0.004655
    26/399     19.4G   0.04815   0.01235  0.008481   0.06898        27       640    0.8181    0.4927    0.5131    0.2927   0.04849  0.007108  0.004974
    27/399     19.4G   0.04706   0.01205  0.007938   0.06705        38       640    0.7939    0.5102    0.5502    0.3096   0.04886  0.007068  0.003937
    28/399     19.4G   0.04626   0.01213  0.007984   0.06637        39       640    0.9172    0.4013    0.5161    0.3048   0.04727  0.007252  0.004669
    29/399     19.4G   0.04619   0.01245  0.007541   0.06617        37       640    0.8109    0.4159    0.4724    0.2835   0.04986  0.007554  0.006004
    30/399     19.4G   0.04532   0.01224  0.006889   0.06445        26       640    0.8622    0.5132    0.5545    0.3381   0.04474   0.00666  0.003294
    31/399     19.4G   0.04472   0.01155  0.007129    0.0634        25       640    0.8803    0.4744    0.5603    0.3354   0.04591  0.007227   0.00473
    32/399     19.4G   0.04473    0.0119  0.006902   0.06354        38       640    0.8087    0.5562    0.5591    0.3503   0.04278   0.00683  0.003031
    33/399     19.4G   0.04354   0.01186  0.006342   0.06175        33       640    0.8327    0.5584    0.5842    0.3803   0.04315  0.006481  0.003578
    34/399     19.4G   0.04329   0.01205   0.00638   0.06173        45       640    0.8403    0.5077    0.5476    0.3572    0.0398  0.006963  0.003676
    35/399     19.4G   0.04312   0.01165  0.006338   0.06112        29       640    0.4952    0.6303    0.5633    0.3563   0.04396   0.00657  0.002737
    36/399     19.4G   0.04234   0.01219  0.006263   0.06079        41       640     0.584    0.6012    0.5961    0.3866   0.04038  0.006517  0.002775
    37/399     19.4G     0.042   0.01173  0.005947   0.05968        35       640    0.8607    0.5679      0.62    0.4125   0.03833  0.006663  0.002617
    38/399     19.4G   0.04124   0.01184  0.006178   0.05926        31       640    0.5063    0.6797    0.6218    0.4171   0.03765  0.006395  0.001833
    39/399     19.4G   0.04156   0.01178  0.005455    0.0588        40       640    0.8703    0.5224    0.5807    0.3916   0.04129   0.00635  0.003533
    40/399     19.4G   0.04087   0.01191  0.005653   0.05843        23       640    0.8719    0.5383    0.5908    0.4052   0.03827  0.006254  0.002127
    41/399     19.4G   0.03992   0.01144  0.005144    0.0565        36       640    0.5272     0.644    0.6019    0.4183   0.03693  0.006347  0.001908
    42/399     19.4G   0.04003   0.01151  0.005304   0.05685        29       640    0.8826    0.5723     0.633    0.4185   0.03655  0.006279   0.00191
    43/399     19.4G   0.04008   0.01144  0.005141   0.05667        15       640    0.5416    0.6488    0.6082    0.4249   0.03621  0.006092  0.001442
    44/399     19.4G   0.03919   0.01152  0.005259   0.05597        27       640    0.8838    0.5427    0.5911    0.4152   0.03561  0.006376  0.001905
    45/399     19.4G   0.03945   0.01123  0.005175   0.05586        36       640    0.9123    0.5631     0.614    0.4224   0.03528  0.006247  0.001907
    46/399     19.4G   0.03925   0.01163  0.005229   0.05611        34       640    0.4835    0.6878    0.6188    0.4292   0.03568  0.006149  0.001348
    47/399     19.4G   0.03868   0.01179  0.005075   0.05555        36       640    0.8559    0.5617    0.5948    0.4064   0.03824  0.006294  0.001206
    48/399     19.4G   0.03868   0.01161  0.004863   0.05516        32       640    0.8989    0.5583    0.6061    0.4409   0.03537  0.006029  0.001054
    49/399     19.4G   0.03845   0.01109  0.004643   0.05418        39       640    0.5965    0.6691    0.6437    0.4356   0.03552  0.006049 0.0008967
    50/399     19.4G   0.03814   0.01122  0.004553   0.05392        28       640    0.6156    0.6234    0.5984    0.4287   0.03437  0.006334  0.002194
    51/399     19.4G   0.03747   0.01114  0.004729   0.05334        31       640    0.8871     0.556    0.6283    0.4241   0.03572  0.006237 0.0009555
    52/399     19.4G   0.03745   0.01138  0.004468    0.0533        30       640    0.5693    0.6346     0.606    0.4195   0.03685  0.006236  0.001609
    53/399     19.4G   0.03706   0.01108  0.004478   0.05262        44       640    0.6125    0.6408    0.6326    0.4348   0.03595  0.005897  0.001526
    54/399     19.4G   0.03687   0.01085  0.003917   0.05164        34       640    0.8833    0.5917    0.6244    0.4412   0.03419  0.006199  0.000921
    55/399     19.4G   0.03638   0.01102  0.004031   0.05144        30       640    0.6158    0.5576     0.561    0.3602   0.04579  0.006659  0.007628
    56/399     19.4G   0.03613   0.01108  0.003652   0.05086        30       640    0.9037    0.5619    0.6124    0.4372   0.03347   0.00601  0.002871
    57/399     19.4G   0.03661   0.01097  0.003919    0.0515        31       640    0.5877    0.6309    0.6363    0.4359   0.03554  0.006035  0.001447
    58/399     19.4G   0.03709   0.01095  0.004157   0.05219        25       640    0.8859    0.4812    0.5952    0.4071   0.03494  0.007136  0.002989
    59/399     19.4G   0.03673   0.01143  0.004429   0.05259        38       640    0.4185    0.4004    0.3428    0.2031   0.07133  0.007681    0.0511
    60/399     19.4G   0.03613   0.01092  0.003821   0.05087        29       640    0.6227    0.6933    0.6533    0.4684   0.03248  0.005931  0.001171
    61/399     19.4G   0.03596   0.01103  0.004132   0.05112        25       640    0.5707    0.7022     0.668    0.4669   0.03177  0.006165 0.0007056
    62/399     19.4G   0.03577   0.01086   0.00353   0.05015        42       640    0.7484    0.6099    0.6417    0.4607   0.03351  0.006037  0.001451
    63/399     19.4G   0.03603   0.01092  0.003838   0.05079        27       640    0.5605    0.6477    0.6218    0.4387   0.03564  0.006096  0.002195
    64/399     19.4G   0.03526   0.01092  0.003955   0.05013        35       640      0.84    0.6161    0.6555    0.4748    0.0298  0.005918 0.0007384
    65/399     19.4G   0.03495   0.01084  0.003571   0.04936        43       640     0.648    0.6566    0.6572    0.4756   0.03112  0.005994  0.001302
    66/399     19.4G   0.03516   0.01077  0.003533   0.04946        18       640    0.6111    0.6442    0.6343    0.4631   0.03341  0.006018 0.0007646
    67/399     19.4G   0.03498   0.01123  0.003548   0.04975        47       640     0.574    0.7062    0.6636    0.4791   0.03032  0.005885   0.00109
    68/399     19.4G   0.03462   0.01076  0.003402   0.04878        19       640    0.5629    0.6844    0.6613    0.4852   0.03017  0.005839 0.0005903
    69/399     19.4G   0.03428   0.01087  0.003332   0.04848        29       640    0.5672     0.718    0.6571    0.4868   0.02969  0.005791 0.0006951
    70/399     19.4G   0.03442   0.01053  0.003498   0.04844        19       640    0.7502    0.5936    0.6388     0.479   0.02969  0.005895  0.001463
    71/399     19.4G    0.0344   0.01053  0.003327   0.04826        39       640    0.6746    0.6478    0.6741     0.489   0.02926  0.005848 0.0008073
    72/399     19.4G   0.03447   0.01056  0.003372    0.0484        30       640    0.5762    0.6665    0.6511    0.4961   0.03063  0.005788 0.0005568
    73/399     19.4G   0.03398   0.01022  0.003095    0.0473        34       640    0.6898    0.6316    0.6611     0.479   0.03037   0.00569 0.0008267
    74/399     19.4G     0.034   0.01058  0.003286   0.04787        21       640    0.6589    0.6519     0.673    0.4861   0.02949   0.00586 0.0005112
    75/399     19.4G   0.03324   0.01041  0.003031   0.04669        26       640    0.5445    0.6756    0.6624    0.4857   0.02976  0.005795  0.001523
    76/399     19.4G   0.03336   0.01036  0.003053   0.04677        29       640    0.5875    0.7067    0.6877     0.512   0.02909  0.005679 0.0007048
    77/399     19.4G   0.03329   0.01042  0.003005   0.04671        27       640    0.6252     0.651    0.6517    0.4897   0.03057  0.005957  0.002071
    78/399     19.4G   0.03335   0.01068  0.002935   0.04696        23       640    0.5919    0.7002    0.6534    0.4821   0.02949  0.005818  0.001672
    79/399     19.4G    0.0332   0.01052  0.003006   0.04673        35       640    0.5601    0.7605    0.6944    0.4907   0.03053  0.005789 0.0005061
    80/399     19.4G   0.03264   0.01035   0.00291    0.0459        39       640    0.6228    0.6682    0.6704    0.4874   0.02926  0.005674  0.000892
    81/399     19.4G   0.03264   0.01034  0.002993   0.04598        34       640    0.5606    0.7159      0.67    0.4833   0.03083  0.005724 0.0006293
    82/399     19.4G   0.03292   0.01043  0.002779   0.04612        27       640    0.6125    0.6874    0.6756    0.5082   0.02918   0.00561 0.0004357
    83/399     19.4G   0.03249   0.01028  0.003154   0.04593        24       640     0.688    0.6651    0.6876    0.5043   0.02944  0.005725 0.0006806
    84/399     19.4G   0.03273   0.01042  0.003032   0.04618        22       640    0.6149    0.6798    0.6647    0.4825   0.02952   0.00588  0.001297
    85/399     19.4G   0.03187   0.01008  0.002896   0.04485        29       640    0.7905    0.6458    0.6832     0.509   0.02706  0.005717 0.0004428
    86/399     19.4G   0.03209   0.01011  0.002982   0.04518        37       640    0.6179    0.6403    0.6592    0.4971   0.02888  0.005679  0.001727
    87/399     19.4G   0.03204   0.01056  0.002882   0.04548        23       640    0.5616     0.696    0.6733    0.5079   0.02674  0.005683 0.0005378
    88/399     19.4G   0.03267   0.01039  0.002709   0.04577        47       640    0.5307    0.7551    0.6749    0.5018   0.02826  0.005672  0.000504
    89/399     19.4G   0.03247   0.01004  0.002804   0.04532        25       640    0.8053    0.6216    0.6632       0.5   0.02796  0.005504 0.0009273
    90/399     19.4G   0.03145    0.0102  0.002673   0.04433        24       640    0.5809    0.7349    0.6727    0.5001   0.02786  0.005893  0.001954
    91/399     19.4G   0.03233   0.01035   0.00255   0.04523        37       640    0.5828    0.7211    0.6793    0.5094    0.0276  0.005487 0.0007885
    92/399     19.4G   0.03169   0.00994  0.002615   0.04424        35       640    0.6835    0.6806    0.7008    0.5274   0.02637  0.005495 0.0003967
    93/399     19.4G   0.03167   0.01013  0.002744   0.04455        25       640    0.7305    0.6278    0.6746    0.5189   0.02691  0.005834  0.001307
    94/399     19.4G   0.03162    0.0103  0.002574   0.04449        25       640    0.6584    0.6645    0.6805    0.5196   0.02731  0.005662 0.0004803
    95/399     19.4G   0.03176   0.01037  0.002766    0.0449        31       640    0.6034    0.6889    0.6792    0.5145   0.02742  0.005693 0.0005083
    96/399     19.4G   0.03125   0.01002  0.002533    0.0438        32       640    0.5949    0.7163    0.6936    0.5186   0.02685   0.00567 0.0004536
    97/399     19.4G   0.03139   0.01039  0.002839   0.04462        32       640    0.6187    0.6747    0.6576    0.5013   0.02699  0.005761 0.0007142
    98/399     19.4G    0.0311   0.01008  0.002875   0.04405        31       640     0.688    0.6658     0.694    0.5157   0.02674  0.005503 0.0003755
    99/399     19.4G   0.03054   0.01006   0.00261    0.0432        26       640    0.5937    0.6844    0.6614    0.4949   0.02943  0.005695  0.001357
   100/399     19.4G   0.03116  0.009677  0.002495   0.04334        29       640    0.6643    0.6845    0.6732    0.5033   0.02782  0.005696 0.0009766
   101/399     19.4G   0.03121  0.009943  0.002533   0.04369        35       640    0.7996    0.6438    0.6896    0.4979   0.02776  0.005782  0.001015
   102/399     19.4G   0.03118  0.009845  0.002377    0.0434        34       640    0.6053    0.6906    0.6656    0.4947   0.02822  0.005561  0.001069
   103/399     19.4G   0.03116   0.01014  0.002605    0.0439        42       640    0.6052    0.6726    0.6723    0.5168   0.02691  0.005721 0.0008571
   104/399     19.4G   0.03091   0.01005  0.002445   0.04341        35       640    0.6368    0.7044    0.6819    0.5154   0.02683  0.005496  0.001095
   105/399     19.4G   0.03042  0.009718   0.00265   0.04279        15       640    0.5926    0.7256    0.6759    0.5122   0.02682  0.005571  0.001384
   106/399     19.4G   0.03058  0.009933  0.002427   0.04294        29       640    0.6499    0.6742    0.6722    0.5129   0.02684  0.005618   0.00225
   107/399     19.4G   0.03032  0.009858  0.002459   0.04264        25       640    0.6059    0.7159     0.677    0.4991   0.02703  0.005864 0.0004459
   108/399     19.4G   0.03031  0.009922  0.002241   0.04247        32       640    0.6042    0.6992    0.6846    0.5207    0.0275  0.005495 0.0006752
   109/399     19.4G   0.03026  0.009958  0.002626   0.04285        37       640    0.6824    0.6783    0.6755    0.5075   0.02685  0.005761  0.001936
   110/399     19.4G   0.03051   0.01003  0.002495   0.04303        34       640    0.6037    0.7353    0.7052    0.5308   0.02546  0.005317 0.0004155
   111/399     19.4G   0.02994  0.009832  0.002427    0.0422        39       640    0.6014    0.7325     0.667    0.4989   0.02597  0.005722 0.0008889
   112/399     19.4G   0.02966  0.009665  0.002074    0.0414        31       640    0.5634    0.7187    0.6587    0.5073   0.02646  0.005568  0.001771
   113/399     19.4G   0.02994  0.009783  0.002415   0.04214        31       640    0.6462    0.6947    0.6913    0.5247   0.02585  0.005479 0.0006403
   114/399     19.4G   0.02987  0.009951  0.002474    0.0423        25       640    0.6455    0.6621    0.6685    0.5014   0.02634  0.005608  0.001166
   115/399     19.4G   0.02949  0.009625  0.002278   0.04139        35       640    0.6612    0.7458    0.6995    0.5392   0.02566  0.005432  0.000287
   116/399     19.4G   0.02976  0.009712  0.002347   0.04182        23       640    0.6062    0.7348    0.6821    0.5151   0.02656  0.005559  0.001197
   117/399     19.4G   0.02993  0.009715  0.002397   0.04204        32       640    0.6374    0.6924    0.6753     0.516   0.02491  0.005606 0.0003289
   118/399     19.4G    0.0296  0.009741  0.002231   0.04157        27       640    0.6247    0.7208    0.6763    0.5289   0.02453  0.005563 0.0003338
   119/399     19.4G   0.02976  0.009782  0.002486   0.04202        27       640    0.5747    0.6943    0.6846    0.5372   0.02461  0.005491 0.0003461
   120/399     19.4G   0.02923  0.009818  0.002343   0.04139        32       640      0.69    0.6481    0.6799    0.5338   0.02495   0.00548 0.0004375
   121/399     19.4G   0.02903   0.00958  0.002178   0.04078        25       640    0.6352    0.6903    0.6615    0.5054   0.02651  0.005652  0.002691
   122/399     19.4G   0.02926  0.009621  0.002193   0.04107        30       640     0.646    0.6503    0.6738    0.5192   0.02589  0.005669 0.0009172
   123/399     19.4G   0.02933  0.009755  0.002238   0.04132        28       640    0.6454    0.7234    0.7008    0.5345   0.02555  0.005473  0.001028
   124/399     19.4G   0.02876  0.009775  0.002824   0.04136        29       640    0.7269    0.6712    0.7008    0.5352   0.02485  0.005373 0.0007443
   125/399     19.4G   0.02857  0.009598  0.002063   0.04023        23       640    0.6486    0.7255    0.7119    0.5464   0.02478  0.005354 0.0003443
   126/399     19.4G   0.02837  0.009195  0.002249   0.03981        35       640    0.6805    0.7001    0.6972    0.5381   0.02465  0.005285 0.0002834
   127/399     19.4G   0.02845  0.009409  0.002175   0.04003        23       640    0.6572    0.6931    0.6933    0.5365   0.02539  0.005384 0.0009974
   128/399     19.4G    0.0292  0.009362  0.002142    0.0407        30       640    0.7133    0.6858    0.7093    0.5386   0.02462  0.005408 0.0005643
   129/399     19.4G   0.02871  0.009681  0.002069   0.04046        26       640    0.6745    0.6312    0.6491    0.5086   0.02638  0.005774  0.003665
   130/399     19.4G   0.02829  0.009427  0.002097   0.03981        26       640    0.6697    0.7171    0.7049     0.532   0.02574  0.005619   0.00192
   131/399     19.4G   0.02856  0.009606   0.00198   0.04014        30       640    0.6553    0.6957    0.7036    0.5364   0.02452  0.005491 0.0005946
   132/399     19.4G   0.02834  0.009202  0.002035   0.03958        38       640    0.6653    0.6649    0.6979    0.5336   0.02486  0.005568  0.001302
   133/399     19.4G   0.02829  0.009269  0.002046   0.03961        23       640    0.6672    0.7009    0.7062    0.5289   0.02401  0.005446 0.0003631
   134/399     19.4G   0.02856  0.009649  0.002095    0.0403        34       640    0.6717    0.7095    0.6997    0.5313   0.02394  0.005174 0.0004872
   135/399     19.4G   0.02888  0.009692   0.00229   0.04086        38       640     0.818    0.6642    0.6959    0.5414   0.02507  0.005247 0.0005535
   136/399     19.4G   0.02796  0.009463  0.002388   0.03981        26       640    0.7036    0.6792    0.6838    0.5178   0.02589  0.005845  0.003034
   137/399     19.4G   0.02824  0.009537  0.002102   0.03988        54       640    0.6468    0.6635    0.6654    0.4977   0.02586  0.005778  0.004169
   138/399     19.4G   0.02833  0.009622  0.002218   0.04017        35       640    0.7242    0.7272    0.7278    0.5538   0.02441  0.005289 0.0003751
   139/399     19.4G   0.02831  0.009568  0.002123      0.04        39       640    0.6772    0.7031    0.6982    0.5312   0.02526  0.005455 0.0004025
   140/399     19.4G   0.02798  0.009218  0.001956   0.03915        20       640    0.6317    0.6998    0.6952    0.5345   0.02421   0.00543 0.0009234
   141/399     19.4G   0.02767  0.009499   0.00191   0.03908        26       640    0.6242    0.7427    0.6866    0.5217   0.02467  0.005584 0.0007338
   142/399     19.4G   0.02779  0.009474  0.002316   0.03958        21       640    0.6614    0.6959    0.7065    0.5241   0.02576    0.0058  0.002488
   143/399     19.4G    0.0281  0.009621  0.002266   0.03999        54       640    0.6665    0.7188    0.6971    0.5278   0.02375  0.005469 0.0003603
   144/399     19.4G   0.02796  0.009275  0.002038   0.03928        27       640    0.6663    0.6851    0.6796    0.5249     0.024  0.005608 0.0008908
   145/399     19.4G   0.02782  0.009444  0.002089   0.03935        23       640    0.6998     0.674    0.6989    0.5271   0.02468  0.005696  0.001957
   146/399     19.4G   0.02708  0.009294  0.001853   0.03823        26       640    0.6385    0.7433    0.7044    0.5339   0.02376  0.005468 0.0003317
   147/399     19.4G   0.02716  0.009127  0.001703   0.03799        21       640    0.6156    0.7129    0.6782    0.5161   0.02481  0.005448  0.000814
   148/399     19.4G   0.02734  0.009324  0.002189   0.03885        32       640    0.6905    0.6717    0.6873    0.5308   0.02452   0.00547 0.0009193
   149/399     19.4G   0.02772   0.00931  0.002114   0.03914        33       640    0.6662    0.7018    0.7001    0.5378   0.02394  0.005679  0.001003
   150/399     19.4G   0.02735   0.00922  0.001828    0.0384        34       640      0.65    0.7255    0.6985    0.5417   0.02346  0.005383 0.0007911
   151/399     19.4G    0.0274  0.009182  0.002103   0.03869        29       640    0.6874    0.6799    0.6893      0.53   0.02407  0.005505 0.0009165
   152/399     19.4G    0.0274  0.009392  0.001993   0.03878        34       640    0.6698    0.6768     0.681    0.5238   0.02361  0.005358 0.0003436
   153/399     19.4G   0.02759   0.00925  0.001952   0.03879        48       640    0.7793    0.6147     0.683    0.5208   0.02454  0.005517  0.001269
   154/399     19.4G   0.02681  0.009176  0.001965   0.03795        40       640    0.6897    0.7083    0.6966    0.5356   0.02415  0.005532 0.0006575
   155/399     19.4G   0.02687  0.009267  0.001988   0.03812        28       640    0.6562    0.6764    0.6726    0.5279   0.02422  0.005512 0.0003825
   156/399     19.4G   0.02619  0.009208  0.001681   0.03708        24       640    0.8034     0.626    0.6842     0.536   0.02381  0.005521 0.0004296
   157/399     19.4G   0.02652  0.009143  0.001779   0.03744        43       640     0.628    0.7592    0.7019    0.5353   0.02403  0.005739 0.0008597
   158/399     19.4G   0.02666  0.009109  0.001797   0.03756        32       640    0.6619     0.705    0.6991    0.5357   0.02335  0.005263 0.0009082
   159/399     19.4G   0.02652  0.009305  0.001854   0.03768        34       640     0.614    0.7783    0.7099    0.5367    0.0244  0.005394 0.0009389
   160/399     19.4G   0.02655  0.009358  0.001944   0.03785        28       640    0.6747    0.7477    0.7148    0.5395   0.02474  0.005452 0.0005212
   161/399     19.4G    0.0273  0.009459  0.001935   0.03869        38       640    0.6338    0.7433    0.7022    0.5362   0.02344  0.005421 0.0002658
   162/399     19.4G   0.02649  0.009015  0.001747   0.03725        36       640    0.6537    0.7426    0.6977     0.544   0.02255  0.005365 0.0002882
   163/399     19.4G   0.02619  0.008848  0.001833   0.03687        63       640    0.6059     0.713    0.6685    0.5291   0.02351    0.0054 0.0007777
   164/399     19.4G   0.02664  0.009172  0.001977   0.03779        26       640    0.7292    0.6653       0.7    0.5419   0.02352  0.005293 0.0008477
   165/399     19.4G    0.0265  0.009178  0.001922    0.0376        27       640    0.6823    0.7046    0.7041    0.5535   0.02366  0.005299 0.0003779
   166/399     19.4G   0.02647  0.008827  0.001681   0.03698        25       640     0.686    0.7075    0.7062    0.5335   0.02347  0.005459  0.001019
   167/399     19.4G   0.02603  0.009017  0.001812   0.03686        23       640     0.676    0.7134    0.7124    0.5567   0.02361  0.005293 0.0004441
   168/399     19.4G   0.02618  0.008965  0.001718   0.03686        31       640    0.6887    0.7068    0.7098    0.5467   0.02324  0.005169 0.0004662
   169/399     19.4G   0.02611  0.009018  0.001703   0.03683        37       640    0.6636    0.7277    0.7023    0.5433   0.02344  0.005293 0.0004228
   170/399     19.4G   0.02589  0.008886  0.001565   0.03634        30       640    0.6713    0.7157    0.7083    0.5396   0.02341  0.005372 0.0007509
   171/399     19.4G   0.02562  0.008828  0.001611   0.03606        26       640    0.8033    0.6744     0.708    0.5398   0.02424  0.005469 0.0004653
   172/399     19.4G   0.02595  0.008859  0.001631   0.03644        23       640     0.825     0.641    0.7012    0.5317   0.02385  0.005555 0.0004246
   173/399     19.4G   0.02557  0.008825  0.001672   0.03607        19       640    0.6907    0.7061    0.7063    0.5323   0.02337  0.005506 0.0009176
   174/399     19.4G   0.02558  0.008857   0.00159   0.03602        30       640    0.6989     0.691    0.7028    0.5475   0.02313   0.00535 0.0006553
   175/399     19.4G   0.02502  0.008806  0.001598   0.03543        38       640    0.7464    0.6733    0.7063    0.5357   0.02328  0.005324 0.0005677
   176/399     19.4G   0.02616  0.009065  0.001555   0.03678        38       640    0.7674    0.6814    0.7093    0.5436   0.02344  0.005449 0.0003413
   177/399     19.4G   0.02542  0.008885  0.001625   0.03593        33       640     0.661    0.7374     0.712    0.5381   0.02315  0.005482 0.0003663
   178/399     19.4G   0.02533  0.009012  0.001748   0.03609        29       640    0.6931    0.6509    0.6825    0.5189   0.02364  0.005595 0.0006937
   179/399     19.4G   0.02534  0.008797  0.001728   0.03586        22       640    0.7706    0.6547    0.6896    0.5238   0.02426  0.005442 0.0004727
   180/399     19.4G   0.02562  0.008829  0.001725   0.03618        45       640    0.7026    0.6812    0.6926     0.538   0.02436   0.00548 0.0007194
   181/399     19.4G   0.02532  0.008715  0.001623   0.03566        29       640    0.6562    0.7091    0.6865    0.5254   0.02396  0.005679  0.001529
   182/399     19.4G   0.02491  0.008565  0.001626    0.0351        27       640    0.6219    0.7433    0.6919    0.5396   0.02256  0.005381  0.000644
   183/399     19.4G   0.02531    0.0086   0.00165   0.03556        23       640    0.6867    0.7089    0.6955    0.5311   0.02323  0.005559  0.001213
   184/399     19.4G   0.02548  0.008824  0.001496    0.0358        31       640    0.6936    0.7162    0.7033    0.5433   0.02297  0.005353  0.001227
   185/399     19.4G   0.02427  0.008397  0.001361   0.03402        45       640    0.6948    0.7334    0.7019    0.5462   0.02274  0.005335 0.0002305
   186/399     19.4G   0.02528  0.008797  0.001357   0.03544        25       640    0.7547    0.6683    0.6913    0.5356   0.02236  0.005469 0.0009967
   187/399     19.4G   0.02488  0.008492  0.001512   0.03489        24       640    0.7106    0.6763    0.6889    0.5288   0.02335  0.005793  0.001224
   188/399     19.4G   0.02525  0.008665  0.001672   0.03558        28       640    0.6511    0.7135    0.6857    0.5378   0.02347  0.005651  0.001031
   189/399     19.4G   0.02437  0.008369  0.001451   0.03419        22       640    0.7283     0.699    0.7133    0.5582   0.02279  0.005317 0.0007144
   190/399     19.4G   0.02482  0.008469  0.001547   0.03483        25       640    0.7353    0.6981    0.7039    0.5499   0.02242  0.005344 0.0003372
   191/399     19.4G   0.02467  0.008532  0.001418   0.03462        39       640    0.6768     0.691    0.6909    0.5456   0.02306  0.005315 0.0003043
   192/399     19.4G    0.0249  0.008881  0.001638   0.03541        29       640    0.6964    0.7354     0.702    0.5458   0.02297  0.005349 0.0008619
   193/399     19.4G   0.02465  0.008493  0.001587   0.03473        26       640    0.6855     0.691    0.6967    0.5528   0.02257  0.005455 0.0003199
   194/399     19.4G   0.02447  0.008535   0.00169   0.03469        32       640    0.6882    0.7136    0.7051    0.5582   0.02353  0.005651 0.0006792
   195/399     19.4G   0.02467  0.008595  0.001499   0.03476        34       640    0.6658    0.7446    0.7107    0.5498   0.02292   0.00552 0.0009835
   196/399     19.4G   0.02428  0.008507    0.0015   0.03428        28       640    0.6919    0.7245    0.6877    0.5405   0.02208   0.00538  0.000408
   197/399     19.4G   0.02398  0.008552  0.001347   0.03388        27       640    0.6445    0.6982    0.6816    0.5458   0.02305   0.00552 0.0005791
   198/399     19.4G   0.02409  0.008576  0.001504   0.03418        29       640    0.7394    0.6665    0.6923    0.5465    0.0233  0.005501  0.000726
   199/399     19.4G   0.02423  0.008519  0.001594   0.03434        24       640    0.7116     0.687    0.7067    0.5473    0.0227  0.005388 0.0008228
   200/399     19.4G   0.02459  0.008593  0.001434   0.03462        28       640    0.7301    0.6926    0.7097    0.5482   0.02336  0.005428 0.0007542
   201/399     19.4G   0.02391   0.00863  0.001545   0.03409        34       640    0.7116     0.694    0.7106    0.5486   0.02253   0.00554 0.0006915
   202/399     19.4G   0.02433  0.008264  0.001687   0.03429        27       640     0.755    0.6673     0.713    0.5609   0.02287  0.005462  0.000329
   203/399     19.4G   0.02428  0.008612  0.001655   0.03455        28       640    0.7297    0.6932    0.7096    0.5547   0.02283  0.005482  0.001122
   204/399     19.4G   0.02423  0.008663  0.001525   0.03442        35       640    0.7273    0.6557    0.6915     0.542   0.02328  0.005936   0.00203
   205/399     19.4G    0.0241  0.008392  0.001423   0.03391        40       640    0.6312    0.7568    0.6906    0.5389   0.02423  0.005707  0.001499
   206/399     19.4G   0.02474  0.008491  0.001459   0.03469        37       640    0.7711    0.6622    0.6988    0.5423   0.02372   0.00561  0.001165
   207/399     19.4G   0.02349  0.008312  0.001282   0.03308        16       640    0.6994    0.6983    0.7014    0.5496   0.02301  0.005518 0.0003419
   208/399     19.4G   0.02377   0.00841   0.00162    0.0338        29       640    0.6985     0.711     0.696    0.5439   0.02332  0.005484 0.0004542
   209/399     19.4G   0.02369  0.008314  0.001353   0.03335        42       640    0.7097    0.7069     0.709    0.5532   0.02231  0.005558 0.0005208
   210/399     19.4G   0.02324  0.008252  0.001322   0.03282        31       640    0.7083    0.7217    0.7067    0.5528   0.02258  0.005608 0.0004889
   211/399     19.4G   0.02372   0.00827  0.001755   0.03374        26       640    0.6779    0.7001    0.6883    0.5442   0.02336  0.005516 0.0006905
   212/399     19.4G   0.02416  0.008563  0.001479    0.0342        27       640    0.7081    0.6811    0.6951    0.5429   0.02262  0.005399 0.0007938
   213/399     19.4G   0.02334  0.008199  0.001303   0.03285        36       640    0.7343     0.691    0.7027    0.5447   0.02327  0.005418 0.0003307
   214/399     19.4G   0.02302  0.007911  0.001298   0.03223        36       640    0.6757    0.7298    0.6988    0.5447   0.02339  0.005544 0.0003862
   215/399     19.4G   0.02366  0.008323  0.001446   0.03343        27       640    0.6943    0.6954    0.6847    0.5487   0.02254  0.005554 0.0003441
   216/399     19.4G   0.02291  0.008331  0.001537   0.03278        26       640     0.706    0.6924      0.69    0.5563   0.02341  0.005603 0.0003786
   217/399     19.4G    0.0235  0.008298  0.001421   0.03322        27       640    0.6851    0.7129    0.6811    0.5441   0.02266  0.005481 0.0004956
   218/399     19.4G   0.02305  0.008148  0.001432   0.03263        24       640    0.6829    0.7199    0.6963    0.5514   0.02283  0.005518 0.0006766
   219/399     19.4G   0.02325  0.008287  0.001306   0.03284        25       640    0.6687    0.7354    0.6929    0.5471   0.02271  0.005594 0.0004268
   220/399     19.4G   0.02347  0.008636  0.001454   0.03356        17       640    0.7954    0.6803    0.7152    0.5559    0.0231  0.005524 0.0004809
   221/399     19.4G   0.02344  0.008515  0.001491   0.03345        35       640    0.7231    0.7116    0.7022    0.5552   0.02253  0.005564 0.0006887
   222/399     19.4G   0.02292  0.008175  0.001298   0.03239        29       640    0.7874    0.6595    0.6915    0.5392   0.02271  0.005624  0.001595
   223/399     19.4G    0.0228  0.008414   0.00116   0.03237        33       640    0.7429    0.6571    0.6939    0.5503   0.02325  0.005558  0.002163
   224/399     19.4G   0.02281  0.008204  0.001258   0.03228        33       640    0.7142    0.6909    0.6893    0.5534    0.0231  0.005423  0.001005
   225/399     19.4G   0.02285  0.008251  0.001409   0.03251        35       640    0.7837    0.6778    0.7062     0.554   0.02346  0.005474 0.0007239
   226/399     19.4G   0.02306  0.008232  0.001313    0.0326        32       640    0.7991    0.6688     0.696    0.5493   0.02301  0.005559  0.000886
   227/399     19.4G   0.02274  0.008016  0.001211   0.03196        28       640    0.7523     0.672    0.6859    0.5499   0.02371  0.005496 0.0007887
   228/399     19.4G   0.02238  0.008106  0.001061   0.03154        24       640    0.7367    0.6349    0.6735    0.5497   0.02226  0.005816  0.001156
   229/399     19.4G   0.02262  0.008143  0.001356   0.03212        27       640    0.7536    0.6578    0.6849    0.5494   0.02257  0.005532 0.0008295
   230/399     19.4G   0.02279  0.008106  0.001386   0.03229        30       640    0.6596    0.7175    0.6843    0.5519   0.02244  0.005384 0.0007122
   231/399     19.4G   0.02218  0.008087  0.001372   0.03164        36       640    0.6808    0.6596    0.6813    0.5461   0.02278  0.005747    0.0013
   232/399     19.4G   0.02249  0.008116  0.001256   0.03186        24       640    0.6723    0.6961    0.6828    0.5459   0.02235  0.005483 0.0007877
   233/399     19.4G   0.02206  0.007919  0.001366   0.03134        29       640    0.6897    0.6938    0.6945     0.556   0.02284  0.005576 0.0005163
   234/399     19.4G   0.02214  0.007781  0.001202   0.03112        28       640    0.6926    0.6874    0.6943    0.5485   0.02223  0.005731 0.0004604
   235/399     19.4G   0.02213  0.007882  0.001551   0.03156        28       640      0.65    0.7525    0.6969    0.5506   0.02234  0.005663 0.0006577
   236/399     19.4G   0.02215  0.008144  0.001371   0.03167        18       640    0.6876    0.7089     0.698    0.5533   0.02185  0.005666 0.0005223
   237/399     19.4G    0.0223  0.008022  0.001348   0.03167        32       640     0.677    0.7287    0.6923    0.5549   0.02229  0.005529 0.0003928
   238/399     19.4G   0.02216  0.008071  0.001268    0.0315        40       640    0.6695    0.7036    0.6971    0.5542   0.02258  0.005613 0.0004614
   239/399     19.4G   0.02222   0.00807   0.00126   0.03155        32       640    0.6523    0.7255    0.6898    0.5502   0.02272  0.005581 0.0005543
   240/399     19.4G   0.02179  0.007799  0.001145   0.03073        37       640    0.7068    0.7061    0.6895     0.536    0.0231  0.005761 0.0008055
   241/399     19.4G   0.02179  0.007723  0.001412   0.03093        30       640     0.704    0.7203    0.6929    0.5433   0.02207  0.005626 0.0007158
   242/399     19.4G   0.02207  0.007973  0.001388   0.03143        23       640    0.7515    0.6674     0.697    0.5417   0.02293  0.005825  0.001257
   243/399     19.4G   0.02172  0.007907  0.001225   0.03085        27       640    0.7282    0.6872    0.7031    0.5518   0.02284   0.00584  0.001001
   244/399     19.4G   0.02137  0.007781  0.001104   0.03025        42       640    0.7833    0.6861    0.7092    0.5536   0.02183  0.005609 0.0006853
   245/399     19.4G   0.02182  0.007764  0.001186   0.03077        37       640    0.7332    0.6932    0.7079      0.55   0.02257  0.005701  0.001055
   246/399     19.4G   0.02183  0.007887   0.00139   0.03111        32       640    0.7517    0.6907    0.7105    0.5494   0.02175  0.005538 0.0006103
   247/399     19.4G   0.02099  0.007796  0.001339   0.03012        21       640    0.6937    0.7208    0.7032    0.5455   0.02256  0.005588 0.0005817
   248/399     19.4G   0.02164   0.00809  0.001318   0.03105        32       640    0.7054    0.7036    0.6897    0.5459   0.02209  0.005655 0.0007178
   249/399     19.4G   0.02141  0.007757  0.001192   0.03036        47       640    0.7257    0.6859      0.69    0.5488   0.02217  0.005723 0.0006832
   250/399     19.4G   0.02152  0.007894  0.001241   0.03066        33       640    0.7237    0.6941     0.691    0.5439   0.02255  0.005797   0.00069
   251/399     19.4G   0.02135  0.007729  0.001132   0.03021        28       640    0.7935    0.6781    0.6971    0.5464   0.02207  0.005676 0.0005131
   252/399     19.4G   0.02143  0.007616   0.00136   0.03041        27       640    0.7532    0.7096    0.6951    0.5455   0.02246  0.005586 0.0003522
   253/399     19.4G   0.02122  0.007773   0.00124   0.03023        26       640     0.732    0.7017    0.6963    0.5527   0.02252  0.005692 0.0004337
   254/399     19.4G   0.02134  0.007691  0.001123   0.03015        21       640    0.7043    0.7148     0.694     0.548   0.02252  0.005664 0.0005552
   255/399     19.4G   0.02095  0.007648   0.00123   0.02983        28       640    0.7455    0.6867     0.707     0.547   0.02266  0.005632 0.0008156
   256/399     19.4G    0.0215  0.007799  0.001177   0.03047        27       640    0.7992     0.686    0.7112    0.5522   0.02269  0.005722 0.0005631
   257/399     19.4G   0.02134  0.007839  0.001213    0.0304        37       640    0.7505    0.7043    0.7065      0.55   0.02262  0.005687 0.0005291
   258/399     19.4G   0.02088  0.007536  0.001102   0.02952        34       640    0.7218    0.7122    0.7048    0.5506   0.02261  0.005716 0.0006592
   259/399     19.4G   0.02049  0.007601  0.001331   0.02942        42       640    0.7116    0.7153    0.7017    0.5479   0.02228  0.005607 0.0007696
   260/399     19.4G   0.02095  0.007824  0.001133    0.0299        16       640    0.7195    0.7221     0.707    0.5475   0.02355  0.005709 0.0009842
   261/399     19.4G   0.02077  0.007541  0.001087    0.0294        39       640    0.7423    0.7012    0.7006    0.5483   0.02262  0.005706  0.001015
   262/399     19.4G   0.02084  0.007481  0.001149   0.02947        29       640    0.7309    0.6827     0.701    0.5469    0.0227  0.005722  0.001053
   263/399     19.4G   0.02081  0.007797  0.001158   0.02977        24       640    0.7429    0.6956    0.7069    0.5492   0.02237  0.005603  0.000716
   264/399     19.4G   0.02083  0.007685  0.001245   0.02976        34       640    0.7577    0.6915    0.7118    0.5507   0.02266  0.005841  0.000727
   265/399     19.4G   0.02059  0.007548  0.001106   0.02924        26       640    0.7591    0.6888    0.7073    0.5507   0.02246   0.00571  0.000762
   266/399     19.4G   0.02068  0.007379  0.001166   0.02923        31       640    0.7689    0.6899    0.7032    0.5513   0.02226  0.005833   0.00103
   267/399     19.4G   0.01996  0.007422  0.001017    0.0284        27       640    0.8001    0.6818    0.7044    0.5536   0.02243  0.005744 0.0005268
   268/399     19.4G   0.02035  0.007455  0.001257   0.02906        32       640    0.8035    0.6559    0.6874    0.5438   0.02293  0.005992 0.0009565
   269/399     19.4G   0.02075  0.007729  0.001199   0.02967        36       640    0.8176    0.6476    0.6896    0.5518   0.02245  0.005853 0.0009185
   270/399     19.4G   0.02035  0.007534  0.001072   0.02895        28       640    0.8096    0.6697    0.6976    0.5598   0.02217  0.005851 0.0008049
   271/399     19.4G    0.0199  0.007411  0.001161   0.02847        25       640    0.8129    0.6974    0.7086     0.558   0.02253  0.005655 0.0005395
   272/399     19.4G   0.02012  0.007599  0.001062   0.02878        31       640    0.7931     0.672    0.6979    0.5538   0.02214  0.005634 0.0006464
   273/399     19.4G    0.0201  0.007409  0.001091    0.0286        29       640    0.7915    0.6776    0.6971    0.5544   0.02209  0.005664 0.0006135
   274/399     19.4G   0.01983  0.007404  0.001004   0.02824        35       640    0.7642    0.6909    0.7013    0.5573    0.0221  0.005828 0.0005455
   275/399     19.4G      0.02  0.007466   0.00101   0.02848        24       640    0.7542    0.6909    0.6954    0.5529   0.02208  0.005742 0.0005291
   276/399     19.4G   0.02015  0.007302  0.001323   0.02877        33       640    0.7901    0.6713    0.6978    0.5514   0.02212  0.005903 0.0006853
   277/399     19.4G   0.02044    0.0077  0.001135   0.02927        33       640    0.7494    0.6845    0.6954    0.5483   0.02265  0.005868 0.0009174
   278/399     19.4G   0.01983  0.007302    0.0011   0.02823        28       640    0.7172    0.6764    0.6904    0.5479    0.0216  0.005897 0.0008854
   279/399     19.4G   0.01989  0.007369 0.0009328   0.02819        19       640     0.694    0.6861     0.689    0.5508   0.02237  0.005886 0.0007979
   280/399     19.4G   0.01989  0.007618  0.000999   0.02851        44       640    0.6767    0.7102    0.6928    0.5532   0.02237  0.005824  0.001003
   281/399     19.4G   0.02037  0.007647  0.001089   0.02911        21       640    0.6745    0.7353    0.6975    0.5581   0.02216  0.005752  0.000945
   282/399     19.4G   0.02001  0.007496 0.0009864    0.0285        38       640    0.7093    0.6872    0.6979     0.557   0.02202  0.005808 0.0007154
   283/399     19.4G   0.01987  0.007415 0.0009873   0.02827        32       640    0.6768    0.7241    0.6913    0.5529   0.02223  0.005917   0.00097
   284/399     19.4G   0.01963  0.007306  0.001018   0.02795        31       640    0.6974    0.7133    0.6918    0.5507   0.02194  0.005926 0.0009913
   285/399     19.4G   0.01963  0.007117  0.001227   0.02797        31       640    0.6868    0.7096    0.6959    0.5565   0.02263  0.005837 0.0009258
   286/399     19.4G   0.01938  0.007202  0.001078   0.02766        26       640    0.6904    0.7035    0.6949    0.5533   0.02227  0.005954 0.0008543
   287/399     19.4G   0.01921  0.007064 0.0009511   0.02722        24       640    0.7252    0.6856     0.699    0.5505   0.02249  0.006075  0.000828
   288/399     19.4G   0.01889  0.007002 0.0009494   0.02684        25       640    0.7236    0.6918    0.6992    0.5503   0.02191  0.005849 0.0008536
   289/399     19.4G   0.01919  0.007285 0.0009788   0.02746        33       640    0.7117    0.6931    0.7046    0.5528   0.02269  0.005939  0.001101
   290/399     19.4G   0.01916  0.007197  0.001009   0.02737        28       640     0.744    0.6806    0.7044    0.5501    0.0226  0.006027 0.0008569
   291/399     19.4G   0.01899  0.006944 0.0008744   0.02681        31       640    0.7673    0.6839    0.7108    0.5535    0.0228  0.005891 0.0007774
   292/399     19.4G   0.01913   0.00722  0.001024   0.02738        20       640    0.7552     0.679    0.7075    0.5541   0.02252  0.006034 0.0007148
   293/399     19.4G   0.01915  0.007277 0.0009706    0.0274        37       640     0.648    0.7555    0.7006     0.551   0.02309  0.005966 0.0007657
   294/399     19.4G   0.01914  0.007221  0.001058   0.02742        39       640    0.7062    0.6904    0.6927    0.5485   0.02288  0.005969   0.00078
   295/399     19.4G   0.01894  0.006984  0.001049   0.02697        21       640     0.727    0.6914    0.6976    0.5478   0.02271   0.00588 0.0008007
   296/399     19.4G   0.01899  0.007162  0.000969   0.02712        27       640    0.6873    0.7175    0.6959    0.5441   0.02339  0.006001 0.0007426
   297/399     19.4G   0.01907  0.007392  0.001114   0.02757        36       640    0.7037    0.6867    0.6931    0.5395   0.02328  0.006187 0.0008873
   298/399     19.4G   0.01914  0.006999 0.0009593    0.0271        30       640    0.7003    0.6984     0.693     0.543   0.02297  0.006124 0.0008946
   299/399     19.4G    0.0189  0.007199  0.001027   0.02713        28       640    0.7169    0.6964    0.6891    0.5457   0.02308  0.006056  0.001009
   300/399     19.4G    0.0191  0.007269  0.001178   0.02755        29       640     0.741    0.6808    0.6938    0.5473   0.02344  0.006193 0.0009131
   301/399     19.4G   0.01893  0.007096 0.0009345   0.02696        37       640    0.7489    0.6784    0.6935    0.5499   0.02266  0.006099 0.0009523
   302/399     19.4G   0.01864  0.007241  0.000888   0.02677        33       640    0.7375    0.6962    0.6936    0.5484   0.02272   0.00612 0.0009673
   303/399     19.4G   0.01858  0.006831  0.001086    0.0265        22       640    0.7425    0.6904    0.6965    0.5499   0.02244  0.006074 0.0009035
   304/399     19.4G   0.01886  0.007118  0.001286   0.02727        21       640     0.745    0.6925    0.7031    0.5564   0.02251  0.005955 0.0008621
   305/399     19.4G   0.01889  0.007216  0.001015   0.02713        28       640    0.7584    0.6918    0.7056     0.563    0.0223  0.005943 0.0005657
   306/399     19.4G    0.0185  0.006736 0.0007894   0.02602        42       640    0.7863    0.6918    0.7054    0.5635   0.02282  0.005976 0.0007579
   307/399     19.4G   0.01863  0.006969 0.0009441   0.02654        27       640     0.727    0.7236    0.7036    0.5577   0.02215  0.005914 0.0008406
